*vertices 117
1 0 0.0 0.0 ellipse
2 1 0.0 0.0 ellipse
3 2 0.0 0.0 ellipse
4 3 0.0 0.0 ellipse
5 4 0.0 0.0 ellipse
6 5 0.0 0.0 ellipse
7 6 0.0 0.0 ellipse
8 7 0.0 0.0 ellipse
9 8 0.0 0.0 ellipse
10 9 0.0 0.0 ellipse
11 10 0.0 0.0 ellipse
12 11 0.0 0.0 ellipse
13 12 0.0 0.0 ellipse
14 13 0.0 0.0 ellipse
15 14 0.0 0.0 ellipse
16 15 0.0 0.0 ellipse
17 16 0.0 0.0 ellipse
18 17 0.0 0.0 ellipse
19 18 0.0 0.0 ellipse
20 19 0.0 0.0 ellipse
21 20 0.0 0.0 ellipse
22 21 0.0 0.0 ellipse
23 22 0.0 0.0 ellipse
24 23 0.0 0.0 ellipse
25 24 0.0 0.0 ellipse
26 25 0.0 0.0 ellipse
27 26 0.0 0.0 ellipse
28 27 0.0 0.0 ellipse
29 28 0.0 0.0 ellipse
30 29 0.0 0.0 ellipse
31 30 0.0 0.0 ellipse
32 31 0.0 0.0 ellipse
33 32 0.0 0.0 ellipse
34 33 0.0 0.0 ellipse
35 34 0.0 0.0 ellipse
36 35 0.0 0.0 ellipse
37 36 0.0 0.0 ellipse
38 37 0.0 0.0 ellipse
39 38 0.0 0.0 ellipse
40 39 0.0 0.0 ellipse
41 40 0.0 0.0 ellipse
42 41 0.0 0.0 ellipse
43 42 0.0 0.0 ellipse
44 43 0.0 0.0 ellipse
45 44 0.0 0.0 ellipse
46 45 0.0 0.0 ellipse
47 46 0.0 0.0 ellipse
48 47 0.0 0.0 ellipse
49 48 0.0 0.0 ellipse
50 49 0.0 0.0 ellipse
51 50 0.0 0.0 ellipse
52 51 0.0 0.0 ellipse
53 52 0.0 0.0 ellipse
54 53 0.0 0.0 ellipse
55 54 0.0 0.0 ellipse
56 55 0.0 0.0 ellipse
57 56 0.0 0.0 ellipse
58 57 0.0 0.0 ellipse
59 58 0.0 0.0 ellipse
60 59 0.0 0.0 ellipse
61 60 0.0 0.0 ellipse
62 61 0.0 0.0 ellipse
63 62 0.0 0.0 ellipse
64 63 0.0 0.0 ellipse
65 64 0.0 0.0 ellipse
66 65 0.0 0.0 ellipse
67 66 0.0 0.0 ellipse
68 67 0.0 0.0 ellipse
69 68 0.0 0.0 ellipse
70 69 0.0 0.0 ellipse
71 70 0.0 0.0 ellipse
72 71 0.0 0.0 ellipse
73 72 0.0 0.0 ellipse
74 73 0.0 0.0 ellipse
75 74 0.0 0.0 ellipse
76 75 0.0 0.0 ellipse
77 76 0.0 0.0 ellipse
78 77 0.0 0.0 ellipse
79 78 0.0 0.0 ellipse
80 79 0.0 0.0 ellipse
81 80 0.0 0.0 ellipse
82 81 0.0 0.0 ellipse
83 82 0.0 0.0 ellipse
84 83 0.0 0.0 ellipse
85 84 0.0 0.0 ellipse
86 85 0.0 0.0 ellipse
87 86 0.0 0.0 ellipse
88 87 0.0 0.0 ellipse
89 88 0.0 0.0 ellipse
90 89 0.0 0.0 ellipse
91 90 0.0 0.0 ellipse
92 91 0.0 0.0 ellipse
93 92 0.0 0.0 ellipse
94 93 0.0 0.0 ellipse
95 94 0.0 0.0 ellipse
96 95 0.0 0.0 ellipse
97 96 0.0 0.0 ellipse
98 97 0.0 0.0 ellipse
99 98 0.0 0.0 ellipse
100 99 0.0 0.0 ellipse
101 100 0.0 0.0 ellipse
102 101 0.0 0.0 ellipse
103 102 0.0 0.0 ellipse
104 103 0.0 0.0 ellipse
105 104 0.0 0.0 ellipse
106 105 0.0 0.0 ellipse
107 106 0.0 0.0 ellipse
108 107 0.0 0.0 ellipse
109 108 0.0 0.0 ellipse
110 109 0.0 0.0 ellipse
111 110 0.0 0.0 ellipse
112 111 0.0 0.0 ellipse
113 112 0.0 0.0 ellipse
114 113 0.0 0.0 ellipse
115 114 0.0 0.0 ellipse
116 115 0.0 0.0 ellipse
117 116 0.0 0.0 ellipse
*edges
1 1 0.0
1 2 0.0
1 3 0.0
1 4 0.5
1 5 1.0
1 6 1.5
1 7 0.5
1 8 1.5
1 9 0.5
1 10 1.0
1 11 1.0
1 12 1.0
1 13 1.5
1 14 0.5
1 15 0.5
1 16 0.5
1 17 0.5
1 18 1.0
1 19 0.5
1 20 1.5
1 21 0.5
1 22 1.0
1 23 1.5
1 24 1.5
1 25 1.5
1 26 0.5
1 27 1.5
1 28 0.5
1 29 0.0
1 30 2.5
1 31 1.5
1 32 0.5
1 33 2.0
1 34 1.0
1 35 2.0
1 36 2.5
1 37 1.0
1 38 1.5
1 39 1.5
1 40 2.0
1 41 1.0
1 42 2.0
1 43 1.5
1 44 3.0
1 45 3.0
1 46 0.0
1 47 1.5
1 48 3.0
1 49 0.5
1 50 2.0
1 51 1.0
1 52 2.0
1 53 1.5
1 54 1.5
1 55 3.0
1 56 1.5
1 57 4.0
1 58 2.5
1 59 2.0
1 60 2.5
1 61 1.0
1 62 2.0
1 63 1.5
1 64 2.5
1 65 3.5
1 66 2.5
1 67 1.5
1 68 2.5
1 69 1.0
1 70 2.0
1 71 1.5
1 72 3.5
1 73 1.0
1 74 1.0
1 75 1.5
1 76 1.0
1 77 0.0
1 78 1.5
1 79 3.0
1 80 2.0
1 81 2.5
1 82 2.0
1 83 2.0
1 84 3.5
1 85 1.5
1 86 3.5
1 87 6.5
1 88 2.0
1 89 1.5
1 90 2.0
1 91 0.5
1 92 0.5
1 93 0.5
1 94 0.5
1 95 0.5
1 96 0.0
1 97 0.5
1 98 0.5
1 99 0.5
1 100 0.0
1 101 0.0
1 102 1.0
1 103 1.5
1 104 1.0
1 105 1.0
1 106 0.5
1 107 0.5
1 108 0.5
1 109 0.5
1 110 0.5
1 111 0.5
1 112 1.0
1 113 0.5
1 114 1.0
1 115 0.5
1 116 0.5
1 117 1.0
2 2 0.0
2 3 0.5
2 4 0.5
2 5 1.0
2 6 1.5
2 7 0.5
2 8 1.5
2 9 0.5
2 10 1.0
2 11 1.0
2 12 1.0
2 13 1.5
2 14 0.5
2 15 0.5
2 16 0.5
2 17 0.5
2 18 1.0
2 19 0.5
2 20 1.5
2 21 0.5
2 22 1.0
2 23 1.5
2 24 1.5
2 25 1.5
2 26 0.5
2 27 1.5
2 28 0.5
2 29 0.5
2 30 2.5
2 31 1.5
2 32 0.5
2 33 2.0
2 34 1.0
2 35 2.0
2 36 2.5
2 37 1.0
2 38 1.5
2 39 1.5
2 40 2.0
2 41 1.0
2 42 2.0
2 43 1.5
2 44 3.0
2 45 3.0
2 46 0.0
2 47 1.5
2 48 3.0
2 49 0.5
2 50 2.0
2 51 1.0
2 52 2.0
2 53 1.5
2 54 1.5
2 55 3.0
2 56 1.5
2 57 4.0
2 58 2.5
2 59 2.0
2 60 2.5
2 61 1.0
2 62 2.0
2 63 1.5
2 64 2.5
2 65 3.5
2 66 2.5
2 67 1.5
2 68 2.5
2 69 1.0
2 70 2.0
2 71 1.5
2 72 3.5
2 73 1.0
2 74 1.0
2 75 1.5
2 76 1.0
2 77 0.0
2 78 1.5
2 79 3.0
2 80 2.0
2 81 2.5
2 82 2.0
2 83 2.0
2 84 3.5
2 85 1.5
2 86 3.5
2 87 6.5
2 88 2.0
2 89 1.5
2 90 2.0
2 91 0.5
2 92 0.5
2 93 0.5
2 94 0.5
2 95 0.5
2 96 0.5
2 97 0.5
2 98 0.5
2 99 0.5
2 100 0.5
2 101 0.5
2 102 1.0
2 103 1.5
2 104 1.0
2 105 1.0
2 106 0.5
2 107 0.5
2 108 0.5
2 109 0.5
2 110 0.5
2 111 0.5
2 112 1.0
2 113 0.5
2 114 1.0
2 115 0.5
2 116 0.5
2 117 1.0
3 3 0.0
3 4 0.5
3 5 1.0
3 6 1.5
3 7 0.5
3 8 1.5
3 9 0.5
3 10 1.0
3 11 1.0
3 12 1.0
3 13 1.5
3 14 0.5
3 15 0.5
3 16 0.5
3 17 0.5
3 18 1.0
3 19 0.5
3 20 1.5
3 21 0.5
3 22 1.0
3 23 1.5
3 24 1.5
3 25 1.5
3 26 0.5
3 27 1.5
3 28 0.5
3 29 0.0
3 30 2.5
3 31 1.5
3 32 0.5
3 33 2.0
3 34 1.0
3 35 2.0
3 36 2.5
3 37 1.0
3 38 1.5
3 39 1.5
3 40 2.0
3 41 1.0
3 42 2.0
3 43 1.5
3 44 3.0
3 45 3.0
3 46 0.0
3 47 1.5
3 48 3.0
3 49 0.5
3 50 2.0
3 51 1.0
3 52 2.0
3 53 1.5
3 54 1.5
3 55 3.0
3 56 1.5
3 57 4.0
3 58 2.5
3 59 2.0
3 60 2.5
3 61 1.0
3 62 2.0
3 63 1.5
3 64 2.5
3 65 3.5
3 66 2.5
3 67 1.5
3 68 2.5
3 69 1.0
3 70 2.0
3 71 1.5
3 72 3.5
3 73 1.0
3 74 1.0
3 75 1.5
3 76 1.0
3 77 0.0
3 78 1.5
3 79 3.0
3 80 2.0
3 81 2.5
3 82 2.0
3 83 2.0
3 84 3.5
3 85 1.5
3 86 3.5
3 87 6.5
3 88 2.0
3 89 1.5
3 90 2.0
3 91 0.5
3 92 0.5
3 93 0.5
3 94 0.5
3 95 0.5
3 96 0.0
3 97 0.5
3 98 0.5
3 99 0.5
3 100 0.0
3 101 0.5
3 102 1.0
3 103 1.5
3 104 1.0
3 105 1.0
3 106 0.5
3 107 0.5
3 108 0.5
3 109 0.5
3 110 0.5
3 111 0.5
3 112 1.0
3 113 0.5
3 114 1.0
3 115 0.5
3 116 0.5
3 117 1.0
4 4 0.0
4 5 1.0
4 6 1.0
4 7 0.5
4 8 1.0
4 9 0.5
4 10 1.0
4 11 1.0
4 12 1.0
4 13 1.0
4 14 0.5
4 15 0.5
4 16 0.5
4 17 0.5
4 18 1.0
4 19 0.5
4 20 1.0
4 21 0.5
4 22 1.0
4 23 1.0
4 24 1.5
4 25 1.0
4 26 0.5
4 27 1.5
4 28 0.5
4 29 0.5
4 30 2.5
4 31 1.5
4 32 0.5
4 33 2.0
4 34 1.0
4 35 2.0
4 36 2.5
4 37 1.0
4 38 1.5
4 39 1.0
4 40 2.0
4 41 1.0
4 42 2.0
4 43 1.0
4 44 3.0
4 45 3.0
4 46 0.5
4 47 1.0
4 48 3.0
4 49 0.5
4 50 2.0
4 51 1.0
4 52 2.0
4 53 1.0
4 54 1.5
4 55 3.0
4 56 1.5
4 57 4.0
4 58 2.5
4 59 2.0
4 60 2.5
4 61 1.0
4 62 2.0
4 63 1.5
4 64 2.5
4 65 3.5
4 66 2.5
4 67 1.5
4 68 2.5
4 69 1.0
4 70 2.0
4 71 1.5
4 72 3.5
4 73 1.0
4 74 1.0
4 75 1.5
4 76 1.0
4 77 0.5
4 78 1.5
4 79 3.0
4 80 2.0
4 81 2.5
4 82 2.0
4 83 2.0
4 84 3.5
4 85 1.5
4 86 3.5
4 87 6.5
4 88 2.0
4 89 1.5
4 90 2.0
4 91 0.5
4 92 0.5
4 93 0.5
4 94 0.5
4 95 0.5
4 96 0.5
4 97 0.5
4 98 0.5
4 99 0.5
4 100 0.5
4 101 0.5
4 102 1.0
4 103 1.0
4 104 1.0
4 105 1.0
4 106 0.5
4 107 0.5
4 108 0.5
4 109 0.5
4 110 0.5
4 111 0.5
4 112 1.0
4 113 0.5
4 114 1.0
4 115 0.5
4 116 0.5
4 117 1.0
5 5 0.0
5 6 1.0
5 7 1.0
5 8 1.0
5 9 1.0
5 10 1.0
5 11 1.0
5 12 0.5
5 13 1.0
5 14 1.0
5 15 1.0
5 16 1.0
5 17 1.0
5 18 1.0
5 19 1.0
5 20 1.0
5 21 1.0
5 22 1.0
5 23 1.0
5 24 1.5
5 25 1.0
5 26 1.0
5 27 1.5
5 28 1.0
5 29 1.0
5 30 2.5
5 31 1.5
5 32 1.0
5 33 2.0
5 34 1.0
5 35 2.0
5 36 2.5
5 37 1.0
5 38 1.5
5 39 1.0
5 40 2.0
5 41 1.0
5 42 2.0
5 43 1.0
5 44 3.0
5 45 3.0
5 46 1.0
5 47 1.0
5 48 3.0
5 49 1.0
5 50 2.0
5 51 1.0
5 52 2.0
5 53 1.0
5 54 1.5
5 55 3.0
5 56 1.5
5 57 4.0
5 58 2.5
5 59 2.0
5 60 2.5
5 61 1.0
5 62 2.0
5 63 1.5
5 64 2.5
5 65 3.5
5 66 2.5
5 67 1.5
5 68 2.5
5 69 0.5
5 70 2.0
5 71 1.5
5 72 3.5
5 73 1.0
5 74 1.0
5 75 1.5
5 76 1.0
5 77 1.0
5 78 1.5
5 79 3.0
5 80 2.0
5 81 2.5
5 82 2.0
5 83 2.0
5 84 3.5
5 85 1.5
5 86 3.5
5 87 6.5
5 88 2.0
5 89 1.5
5 90 2.0
5 91 1.0
5 92 1.0
5 93 1.0
5 94 1.0
5 95 1.0
5 96 1.0
5 97 1.0
5 98 1.0
5 99 1.0
5 100 1.0
5 101 1.0
5 102 1.0
5 103 1.0
5 104 1.0
5 105 1.0
5 106 1.0
5 107 1.0
5 108 1.0
5 109 1.0
5 110 1.0
5 111 1.0
5 112 0.5
5 113 1.0
5 114 0.5
5 115 1.0
5 116 1.0
5 117 0.5
6 6 0.0
6 7 1.5
6 8 1.0
6 9 1.5
6 10 1.0
6 11 1.0
6 12 1.0
6 13 1.0
6 14 1.5
6 15 1.5
6 16 1.5
6 17 1.5
6 18 1.0
6 19 1.5
6 20 1.0
6 21 1.5
6 22 1.0
6 23 1.0
6 24 1.0
6 25 1.0
6 26 1.0
6 27 1.0
6 28 1.0
6 29 1.5
6 30 2.0
6 31 1.0
6 32 1.5
6 33 1.0
6 34 1.0
6 35 1.5
6 36 2.0
6 37 1.0
6 38 1.0
6 39 1.0
6 40 2.0
6 41 1.0
6 42 1.5
6 43 1.0
6 44 3.0
6 45 3.0
6 46 1.5
6 47 1.0
6 48 3.0
6 49 1.5
6 50 1.5
6 51 1.0
6 52 1.5
6 53 1.0
6 54 1.5
6 55 3.0
6 56 1.0
6 57 4.0
6 58 2.0
6 59 2.0
6 60 2.5
6 61 1.0
6 62 2.0
6 63 1.5
6 64 2.0
6 65 3.5
6 66 2.5
6 67 1.0
6 68 2.0
6 69 1.0
6 70 2.0
6 71 1.5
6 72 3.5
6 73 1.0
6 74 1.0
6 75 1.5
6 76 1.0
6 77 1.5
6 78 1.5
6 79 3.0
6 80 2.0
6 81 2.5
6 82 2.0
6 83 2.0
6 84 3.5
6 85 1.5
6 86 3.5
6 87 6.5
6 88 2.0
6 89 1.5
6 90 2.0
6 91 1.5
6 92 1.5
6 93 1.5
6 94 1.0
6 95 1.5
6 96 1.5
6 97 1.5
6 98 1.5
6 99 1.5
6 100 1.5
6 101 1.5
6 102 1.0
6 103 1.0
6 104 1.0
6 105 1.0
6 106 1.5
6 107 1.5
6 108 1.0
6 109 1.5
6 110 1.0
6 111 1.0
6 112 1.0
6 113 1.0
6 114 1.0
6 115 1.0
6 116 1.0
6 117 1.0
7 7 0.0
7 8 1.5
7 9 0.5
7 10 1.0
7 11 1.0
7 12 1.0
7 13 1.5
7 14 0.5
7 15 0.5
7 16 0.5
7 17 0.5
7 18 1.0
7 19 0.5
7 20 1.5
7 21 0.5
7 22 1.0
7 23 1.5
7 24 1.5
7 25 1.5
7 26 0.5
7 27 1.5
7 28 0.5
7 29 0.5
7 30 2.5
7 31 1.5
7 32 0.5
7 33 2.0
7 34 1.0
7 35 2.0
7 36 2.5
7 37 1.0
7 38 1.5
7 39 1.5
7 40 2.0
7 41 1.0
7 42 2.0
7 43 1.5
7 44 3.0
7 45 3.0
7 46 0.5
7 47 1.5
7 48 3.0
7 49 0.5
7 50 2.0
7 51 1.0
7 52 2.0
7 53 1.5
7 54 1.5
7 55 3.0
7 56 1.5
7 57 4.0
7 58 2.5
7 59 2.0
7 60 2.5
7 61 1.0
7 62 2.0
7 63 1.5
7 64 2.5
7 65 3.5
7 66 2.5
7 67 1.5
7 68 2.5
7 69 1.0
7 70 2.0
7 71 1.5
7 72 3.5
7 73 1.0
7 74 1.0
7 75 1.5
7 76 1.0
7 77 0.5
7 78 1.5
7 79 3.0
7 80 2.0
7 81 2.5
7 82 2.0
7 83 2.0
7 84 3.5
7 85 1.5
7 86 3.5
7 87 6.5
7 88 2.0
7 89 1.5
7 90 2.0
7 91 0.5
7 92 0.5
7 93 0.5
7 94 0.5
7 95 0.5
7 96 0.5
7 97 0.5
7 98 0.5
7 99 0.5
7 100 0.5
7 101 0.5
7 102 1.0
7 103 1.5
7 104 1.0
7 105 1.0
7 106 0.5
7 107 0.5
7 108 0.5
7 109 0.5
7 110 0.5
7 111 0.5
7 112 1.0
7 113 0.5
7 114 1.0
7 115 0.5
7 116 0.5
7 117 1.0
8 8 0.0
8 9 1.5
8 10 1.0
8 11 1.0
8 12 1.0
8 13 1.0
8 14 1.5
8 15 1.5
8 16 1.5
8 17 1.5
8 18 1.0
8 19 1.5
8 20 0.5
8 21 1.5
8 22 1.0
8 23 0.5
8 24 1.0
8 25 1.0
8 26 1.0
8 27 1.0
8 28 1.0
8 29 1.5
8 30 2.0
8 31 1.0
8 32 1.5
8 33 1.0
8 34 1.0
8 35 1.5
8 36 2.0
8 37 1.0
8 38 1.0
8 39 1.0
8 40 2.0
8 41 1.0
8 42 1.5
8 43 0.5
8 44 3.0
8 45 3.0
8 46 1.5
8 47 1.0
8 48 3.0
8 49 1.5
8 50 1.5
8 51 1.0
8 52 1.5
8 53 1.0
8 54 1.5
8 55 3.0
8 56 1.0
8 57 4.0
8 58 2.0
8 59 2.0
8 60 2.5
8 61 1.0
8 62 2.0
8 63 1.5
8 64 2.0
8 65 3.5
8 66 2.5
8 67 1.0
8 68 2.0
8 69 1.0
8 70 2.0
8 71 1.5
8 72 3.5
8 73 1.0
8 74 1.0
8 75 1.5
8 76 1.0
8 77 1.5
8 78 1.5
8 79 3.0
8 80 2.0
8 81 2.5
8 82 2.0
8 83 2.0
8 84 3.5
8 85 1.5
8 86 3.5
8 87 6.5
8 88 2.0
8 89 1.5
8 90 2.0
8 91 1.5
8 92 1.5
8 93 1.5
8 94 1.0
8 95 1.5
8 96 1.5
8 97 1.5
8 98 1.5
8 99 1.5
8 100 1.5
8 101 1.5
8 102 1.0
8 103 1.0
8 104 1.0
8 105 1.0
8 106 1.5
8 107 1.5
8 108 1.0
8 109 1.5
8 110 1.0
8 111 1.0
8 112 1.0
8 113 1.0
8 114 1.0
8 115 1.0
8 116 1.0
8 117 1.0
9 9 0.0
9 10 1.0
9 11 1.0
9 12 1.0
9 13 1.5
9 14 0.5
9 15 0.5
9 16 0.5
9 17 0.5
9 18 1.0
9 19 0.5
9 20 1.5
9 21 0.5
9 22 1.0
9 23 1.5
9 24 1.5
9 25 1.5
9 26 0.5
9 27 1.5
9 28 0.5
9 29 0.5
9 30 2.5
9 31 1.5
9 32 0.5
9 33 2.0
9 34 1.0
9 35 2.0
9 36 2.5
9 37 1.0
9 38 1.5
9 39 1.5
9 40 2.0
9 41 1.0
9 42 2.0
9 43 1.5
9 44 3.0
9 45 3.0
9 46 0.5
9 47 1.5
9 48 3.0
9 49 0.5
9 50 2.0
9 51 1.0
9 52 2.0
9 53 1.5
9 54 1.5
9 55 3.0
9 56 1.5
9 57 4.0
9 58 2.5
9 59 2.0
9 60 2.5
9 61 1.0
9 62 2.0
9 63 1.5
9 64 2.5
9 65 3.5
9 66 2.5
9 67 1.5
9 68 2.5
9 69 1.0
9 70 2.0
9 71 1.5
9 72 3.5
9 73 1.0
9 74 1.0
9 75 1.5
9 76 1.0
9 77 0.5
9 78 1.5
9 79 3.0
9 80 2.0
9 81 2.5
9 82 2.0
9 83 2.0
9 84 3.5
9 85 1.5
9 86 3.5
9 87 6.5
9 88 2.0
9 89 1.5
9 90 2.0
9 91 0.5
9 92 0.5
9 93 0.5
9 94 0.5
9 95 0.5
9 96 0.5
9 97 0.5
9 98 0.5
9 99 0.5
9 100 0.5
9 101 0.5
9 102 1.0
9 103 1.5
9 104 1.0
9 105 1.0
9 106 0.5
9 107 0.5
9 108 0.5
9 109 0.5
9 110 0.5
9 111 0.5
9 112 1.0
9 113 0.5
9 114 1.0
9 115 0.5
9 116 0.5
9 117 1.0
10 10 0.0
10 11 1.0
10 12 1.0
10 13 1.0
10 14 1.0
10 15 1.0
10 16 1.0
10 17 1.0
10 18 1.0
10 19 1.0
10 20 1.0
10 21 1.0
10 22 1.0
10 23 1.0
10 24 1.0
10 25 1.0
10 26 1.0
10 27 1.0
10 28 1.0
10 29 1.0
10 30 2.0
10 31 1.0
10 32 1.0
10 33 2.0
10 34 1.0
10 35 2.0
10 36 2.0
10 37 1.0
10 38 1.0
10 39 1.0
10 40 2.0
10 41 1.0
10 42 2.0
10 43 1.0
10 44 3.0
10 45 3.0
10 46 1.0
10 47 1.0
10 48 3.0
10 49 1.0
10 50 2.0
10 51 1.0
10 52 2.0
10 53 1.0
10 54 1.5
10 55 3.0
10 56 1.0
10 57 4.0
10 58 2.0
10 59 2.0
10 60 2.0
10 61 1.0
10 62 2.0
10 63 1.5
10 64 2.0
10 65 3.5
10 66 2.0
10 67 1.0
10 68 2.0
10 69 1.0
10 70 2.0
10 71 1.5
10 72 3.5
10 73 1.0
10 74 1.0
10 75 1.5
10 76 1.0
10 77 1.0
10 78 1.0
10 79 3.0
10 80 2.0
10 81 2.5
10 82 2.0
10 83 2.0
10 84 3.5
10 85 1.5
10 86 3.5
10 87 6.5
10 88 2.0
10 89 1.5
10 90 2.0
10 91 1.0
10 92 1.0
10 93 1.0
10 94 1.0
10 95 1.0
10 96 1.0
10 97 1.0
10 98 1.0
10 99 1.0
10 100 1.0
10 101 1.0
10 102 1.0
10 103 1.0
10 104 1.0
10 105 1.0
10 106 1.0
10 107 1.0
10 108 1.0
10 109 1.0
10 110 1.0
10 111 1.0
10 112 1.0
10 113 1.0
10 114 1.0
10 115 1.0
10 116 1.0
10 117 1.0
11 11 0.0
11 12 1.0
11 13 1.0
11 14 1.0
11 15 1.0
11 16 1.0
11 17 1.0
11 18 1.0
11 19 1.0
11 20 1.0
11 21 1.0
11 22 1.0
11 23 1.0
11 24 1.0
11 25 1.0
11 26 1.0
11 27 1.0
11 28 1.0
11 29 1.0
11 30 2.0
11 31 1.0
11 32 1.0
11 33 2.0
11 34 1.0
11 35 2.0
11 36 2.0
11 37 1.0
11 38 1.0
11 39 1.0
11 40 2.0
11 41 0.5
11 42 2.0
11 43 1.0
11 44 3.0
11 45 3.0
11 46 1.0
11 47 1.0
11 48 3.0
11 49 1.0
11 50 2.0
11 51 1.0
11 52 2.0
11 53 1.0
11 54 1.5
11 55 3.0
11 56 1.0
11 57 4.0
11 58 2.0
11 59 2.0
11 60 2.0
11 61 1.0
11 62 2.0
11 63 1.5
11 64 2.0
11 65 3.5
11 66 2.0
11 67 1.0
11 68 2.0
11 69 1.0
11 70 2.0
11 71 1.0
11 72 3.5
11 73 1.0
11 74 1.0
11 75 1.5
11 76 1.0
11 77 1.0
11 78 1.0
11 79 3.0
11 80 2.0
11 81 2.5
11 82 2.0
11 83 2.0
11 84 3.5
11 85 1.0
11 86 3.5
11 87 6.5
11 88 2.0
11 89 1.0
11 90 2.0
11 91 1.0
11 92 1.0
11 93 1.0
11 94 1.0
11 95 1.0
11 96 1.0
11 97 1.0
11 98 1.0
11 99 1.0
11 100 1.0
11 101 1.0
11 102 1.0
11 103 1.0
11 104 1.0
11 105 1.0
11 106 1.0
11 107 1.0
11 108 1.0
11 109 1.0
11 110 1.0
11 111 1.0
11 112 1.0
11 113 1.0
11 114 1.0
11 115 1.0
11 116 1.0
11 117 1.0
12 12 0.0
12 13 1.0
12 14 1.0
12 15 1.0
12 16 1.0
12 17 1.0
12 18 1.0
12 19 1.0
12 20 1.0
12 21 1.0
12 22 1.0
12 23 1.0
12 24 1.5
12 25 1.0
12 26 1.0
12 27 1.5
12 28 1.0
12 29 1.0
12 30 2.5
12 31 1.5
12 32 1.0
12 33 2.0
12 34 1.0
12 35 2.0
12 36 2.5
12 37 1.0
12 38 1.5
12 39 1.0
12 40 2.0
12 41 1.0
12 42 2.0
12 43 1.0
12 44 3.0
12 45 3.0
12 46 1.0
12 47 1.0
12 48 3.0
12 49 1.0
12 50 2.0
12 51 1.0
12 52 2.0
12 53 1.0
12 54 1.5
12 55 3.0
12 56 1.5
12 57 4.0
12 58 2.5
12 59 2.0
12 60 2.5
12 61 1.0
12 62 2.0
12 63 1.5
12 64 2.5
12 65 3.5
12 66 2.5
12 67 1.5
12 68 2.5
12 69 0.5
12 70 2.0
12 71 1.5
12 72 3.5
12 73 1.0
12 74 1.0
12 75 1.5
12 76 1.0
12 77 1.0
12 78 1.5
12 79 3.0
12 80 2.0
12 81 2.5
12 82 2.0
12 83 2.0
12 84 3.5
12 85 1.5
12 86 3.5
12 87 6.5
12 88 2.0
12 89 1.5
12 90 2.0
12 91 1.0
12 92 1.0
12 93 1.0
12 94 1.0
12 95 1.0
12 96 1.0
12 97 1.0
12 98 1.0
12 99 1.0
12 100 1.0
12 101 1.0
12 102 1.0
12 103 1.0
12 104 1.0
12 105 1.0
12 106 1.0
12 107 1.0
12 108 1.0
12 109 1.0
12 110 1.0
12 111 1.0
12 112 0.5
12 113 1.0
12 114 0.5
12 115 1.0
12 116 1.0
12 117 0.5
13 13 0.0
13 14 1.5
13 15 1.5
13 16 1.5
13 17 1.5
13 18 1.0
13 19 1.5
13 20 1.0
13 21 1.5
13 22 1.0
13 23 1.0
13 24 1.0
13 25 0.5
13 26 1.0
13 27 1.0
13 28 1.0
13 29 1.5
13 30 2.0
13 31 1.0
13 32 1.5
13 33 1.0
13 34 1.0
13 35 1.5
13 36 2.0
13 37 1.0
13 38 1.0
13 39 1.0
13 40 2.0
13 41 1.0
13 42 1.5
13 43 1.0
13 44 3.0
13 45 3.0
13 46 1.5
13 47 1.0
13 48 3.0
13 49 1.5
13 50 1.5
13 51 1.0
13 52 1.5
13 53 1.0
13 54 1.5
13 55 3.0
13 56 1.0
13 57 4.0
13 58 2.0
13 59 2.0
13 60 2.0
13 61 1.0
13 62 2.0
13 63 1.5
13 64 2.0
13 65 3.5
13 66 2.0
13 67 1.0
13 68 2.0
13 69 1.0
13 70 2.0
13 71 1.5
13 72 3.5
13 73 1.0
13 74 1.0
13 75 1.5
13 76 1.0
13 77 1.5
13 78 1.0
13 79 3.0
13 80 2.0
13 81 2.5
13 82 2.0
13 83 2.0
13 84 3.5
13 85 1.5
13 86 3.5
13 87 6.5
13 88 2.0
13 89 1.5
13 90 2.0
13 91 1.5
13 92 1.5
13 93 1.5
13 94 1.0
13 95 1.5
13 96 1.5
13 97 1.5
13 98 1.5
13 99 1.5
13 100 1.5
13 101 1.5
13 102 1.0
13 103 1.0
13 104 1.0
13 105 1.0
13 106 1.5
13 107 1.5
13 108 1.0
13 109 1.5
13 110 1.0
13 111 1.0
13 112 1.0
13 113 1.0
13 114 1.0
13 115 1.0
13 116 1.0
13 117 1.0
14 14 0.0
14 15 0.5
14 16 0.5
14 17 0.5
14 18 1.0
14 19 0.5
14 20 1.5
14 21 0.5
14 22 1.0
14 23 1.5
14 24 1.5
14 25 1.5
14 26 0.5
14 27 1.5
14 28 0.5
14 29 0.5
14 30 2.5
14 31 1.5
14 32 0.5
14 33 2.0
14 34 1.0
14 35 2.0
14 36 2.5
14 37 1.0
14 38 1.5
14 39 1.5
14 40 2.0
14 41 1.0
14 42 2.0
14 43 1.5
14 44 3.0
14 45 3.0
14 46 0.5
14 47 1.5
14 48 3.0
14 49 0.5
14 50 2.0
14 51 1.0
14 52 2.0
14 53 1.5
14 54 1.5
14 55 3.0
14 56 1.5
14 57 4.0
14 58 2.5
14 59 2.0
14 60 2.5
14 61 1.0
14 62 2.0
14 63 1.5
14 64 2.5
14 65 3.5
14 66 2.5
14 67 1.5
14 68 2.5
14 69 1.0
14 70 2.0
14 71 1.5
14 72 3.5
14 73 1.0
14 74 1.0
14 75 1.5
14 76 1.0
14 77 0.5
14 78 1.5
14 79 3.0
14 80 2.0
14 81 2.5
14 82 2.0
14 83 2.0
14 84 3.5
14 85 1.5
14 86 3.5
14 87 6.5
14 88 2.0
14 89 1.5
14 90 2.0
14 91 0.5
14 92 0.5
14 93 0.5
14 94 0.5
14 95 0.5
14 96 0.5
14 97 0.5
14 98 0.5
14 99 0.5
14 100 0.5
14 101 0.5
14 102 1.0
14 103 1.5
14 104 1.0
14 105 1.0
14 106 0.5
14 107 0.5
14 108 0.5
14 109 0.5
14 110 0.5
14 111 0.5
14 112 1.0
14 113 0.5
14 114 1.0
14 115 0.5
14 116 0.5
14 117 1.0
15 15 0.0
15 16 0.5
15 17 0.5
15 18 1.0
15 19 0.5
15 20 1.5
15 21 0.5
15 22 1.0
15 23 1.5
15 24 1.5
15 25 1.5
15 26 0.5
15 27 1.5
15 28 0.5
15 29 0.5
15 30 2.5
15 31 1.5
15 32 0.5
15 33 2.0
15 34 1.0
15 35 2.0
15 36 2.5
15 37 1.0
15 38 1.5
15 39 1.5
15 40 2.0
15 41 1.0
15 42 2.0
15 43 1.5
15 44 3.0
15 45 3.0
15 46 0.5
15 47 1.5
15 48 3.0
15 49 0.5
15 50 2.0
15 51 1.0
15 52 2.0
15 53 1.5
15 54 1.5
15 55 3.0
15 56 1.5
15 57 4.0
15 58 2.5
15 59 2.0
15 60 2.5
15 61 1.0
15 62 2.0
15 63 1.5
15 64 2.5
15 65 3.5
15 66 2.5
15 67 1.5
15 68 2.5
15 69 1.0
15 70 2.0
15 71 1.5
15 72 3.5
15 73 1.0
15 74 1.0
15 75 1.5
15 76 1.0
15 77 0.5
15 78 1.5
15 79 3.0
15 80 2.0
15 81 2.5
15 82 2.0
15 83 2.0
15 84 3.5
15 85 1.5
15 86 3.5
15 87 6.5
15 88 2.0
15 89 1.5
15 90 2.0
15 91 0.5
15 92 0.5
15 93 0.5
15 94 0.5
15 95 0.5
15 96 0.5
15 97 0.5
15 98 0.5
15 99 0.5
15 100 0.5
15 101 0.5
15 102 1.0
15 103 1.5
15 104 1.0
15 105 1.0
15 106 0.5
15 107 0.5
15 108 0.5
15 109 0.5
15 110 0.5
15 111 0.5
15 112 1.0
15 113 0.5
15 114 1.0
15 115 0.5
15 116 0.5
15 117 1.0
16 16 0.0
16 17 0.5
16 18 1.0
16 19 0.5
16 20 1.5
16 21 0.5
16 22 1.0
16 23 1.5
16 24 1.5
16 25 1.5
16 26 0.5
16 27 1.5
16 28 0.5
16 29 0.5
16 30 2.5
16 31 1.5
16 32 0.5
16 33 2.0
16 34 1.0
16 35 2.0
16 36 2.5
16 37 1.0
16 38 1.5
16 39 1.5
16 40 2.0
16 41 1.0
16 42 2.0
16 43 1.5
16 44 3.0
16 45 3.0
16 46 0.5
16 47 1.5
16 48 3.0
16 49 0.5
16 50 2.0
16 51 1.0
16 52 2.0
16 53 1.5
16 54 1.5
16 55 3.0
16 56 1.5
16 57 4.0
16 58 2.5
16 59 2.0
16 60 2.5
16 61 1.0
16 62 2.0
16 63 1.5
16 64 2.5
16 65 3.5
16 66 2.5
16 67 1.5
16 68 2.5
16 69 1.0
16 70 2.0
16 71 1.5
16 72 3.5
16 73 1.0
16 74 1.0
16 75 1.5
16 76 1.0
16 77 0.5
16 78 1.5
16 79 3.0
16 80 2.0
16 81 2.5
16 82 2.0
16 83 2.0
16 84 3.5
16 85 1.5
16 86 3.5
16 87 6.5
16 88 2.0
16 89 1.5
16 90 2.0
16 91 0.5
16 92 0.5
16 93 0.5
16 94 0.5
16 95 0.5
16 96 0.5
16 97 0.5
16 98 0.5
16 99 0.5
16 100 0.5
16 101 0.5
16 102 1.0
16 103 1.5
16 104 1.0
16 105 1.0
16 106 0.5
16 107 0.5
16 108 0.5
16 109 0.5
16 110 0.5
16 111 0.5
16 112 1.0
16 113 0.5
16 114 1.0
16 115 0.5
16 116 0.5
16 117 1.0
17 17 0.0
17 18 1.0
17 19 0.5
17 20 1.5
17 21 0.5
17 22 1.0
17 23 1.5
17 24 1.5
17 25 1.5
17 26 0.5
17 27 1.5
17 28 0.5
17 29 0.5
17 30 2.5
17 31 1.5
17 32 0.5
17 33 2.0
17 34 1.0
17 35 2.0
17 36 2.5
17 37 1.0
17 38 1.5
17 39 1.5
17 40 2.0
17 41 1.0
17 42 2.0
17 43 1.5
17 44 3.0
17 45 3.0
17 46 0.5
17 47 1.5
17 48 3.0
17 49 0.5
17 50 2.0
17 51 1.0
17 52 2.0
17 53 1.5
17 54 1.5
17 55 3.0
17 56 1.5
17 57 4.0
17 58 2.5
17 59 2.0
17 60 2.5
17 61 1.0
17 62 2.0
17 63 1.5
17 64 2.5
17 65 3.5
17 66 2.5
17 67 1.5
17 68 2.5
17 69 1.0
17 70 2.0
17 71 1.5
17 72 3.5
17 73 1.0
17 74 1.0
17 75 1.5
17 76 1.0
17 77 0.5
17 78 1.5
17 79 3.0
17 80 2.0
17 81 2.5
17 82 2.0
17 83 2.0
17 84 3.5
17 85 1.5
17 86 3.5
17 87 6.5
17 88 2.0
17 89 1.5
17 90 2.0
17 91 0.5
17 92 0.5
17 93 0.5
17 94 0.5
17 95 0.5
17 96 0.5
17 97 0.5
17 98 0.5
17 99 0.5
17 100 0.5
17 101 0.5
17 102 1.0
17 103 1.5
17 104 1.0
17 105 1.0
17 106 0.5
17 107 0.5
17 108 0.5
17 109 0.5
17 110 0.5
17 111 0.5
17 112 1.0
17 113 0.5
17 114 1.0
17 115 0.5
17 116 0.5
17 117 1.0
18 18 0.0
18 19 1.0
18 20 1.0
18 21 1.0
18 22 0.5
18 23 1.0
18 24 1.5
18 25 1.0
18 26 1.0
18 27 1.0
18 28 1.0
18 29 1.0
18 30 2.5
18 31 1.0
18 32 1.0
18 33 2.0
18 34 0.5
18 35 2.0
18 36 2.5
18 37 1.0
18 38 1.0
18 39 1.0
18 40 2.0
18 41 1.0
18 42 2.0
18 43 1.0
18 44 3.0
18 45 3.0
18 46 1.0
18 47 1.0
18 48 3.0
18 49 1.0
18 50 2.0
18 51 1.0
18 52 2.0
18 53 1.0
18 54 1.5
18 55 3.0
18 56 1.5
18 57 4.0
18 58 2.5
18 59 2.0
18 60 2.5
18 61 1.0
18 62 2.0
18 63 1.5
18 64 2.5
18 65 3.5
18 66 2.5
18 67 1.5
18 68 2.5
18 69 1.0
18 70 2.0
18 71 1.5
18 72 3.5
18 73 1.0
18 74 1.0
18 75 1.5
18 76 1.0
18 77 1.0
18 78 1.5
18 79 3.0
18 80 2.0
18 81 2.5
18 82 2.0
18 83 2.0
18 84 3.5
18 85 1.5
18 86 3.5
18 87 6.5
18 88 2.0
18 89 1.5
18 90 2.0
18 91 1.0
18 92 1.0
18 93 1.0
18 94 1.0
18 95 1.0
18 96 1.0
18 97 1.0
18 98 1.0
18 99 1.0
18 100 1.0
18 101 1.0
18 102 0.5
18 103 1.0
18 104 1.0
18 105 0.5
18 106 1.0
18 107 1.0
18 108 1.0
18 109 1.0
18 110 1.0
18 111 1.0
18 112 1.0
18 113 1.0
18 114 1.0
18 115 1.0
18 116 1.0
18 117 1.0
19 19 0.0
19 20 1.5
19 21 0.5
19 22 1.0
19 23 1.5
19 24 1.5
19 25 1.5
19 26 0.5
19 27 1.5
19 28 0.5
19 29 0.5
19 30 2.5
19 31 1.5
19 32 0.5
19 33 2.0
19 34 1.0
19 35 2.0
19 36 2.5
19 37 1.0
19 38 1.5
19 39 1.5
19 40 2.0
19 41 1.0
19 42 2.0
19 43 1.5
19 44 3.0
19 45 3.0
19 46 0.5
19 47 1.5
19 48 3.0
19 49 0.5
19 50 2.0
19 51 1.0
19 52 2.0
19 53 1.5
19 54 1.5
19 55 3.0
19 56 1.5
19 57 4.0
19 58 2.5
19 59 2.0
19 60 2.5
19 61 1.0
19 62 2.0
19 63 1.5
19 64 2.5
19 65 3.5
19 66 2.5
19 67 1.5
19 68 2.5
19 69 1.0
19 70 2.0
19 71 1.5
19 72 3.5
19 73 1.0
19 74 1.0
19 75 1.5
19 76 1.0
19 77 0.5
19 78 1.5
19 79 3.0
19 80 2.0
19 81 2.5
19 82 2.0
19 83 2.0
19 84 3.5
19 85 1.5
19 86 3.5
19 87 6.5
19 88 2.0
19 89 1.5
19 90 2.0
19 91 0.5
19 92 0.5
19 93 0.5
19 94 0.5
19 95 0.5
19 96 0.5
19 97 0.5
19 98 0.5
19 99 0.5
19 100 0.5
19 101 0.5
19 102 1.0
19 103 1.5
19 104 1.0
19 105 1.0
19 106 0.5
19 107 0.5
19 108 0.5
19 109 0.5
19 110 0.5
19 111 0.5
19 112 1.0
19 113 0.5
19 114 1.0
19 115 0.5
19 116 0.5
19 117 1.0
20 20 0.0
20 21 1.5
20 22 1.0
20 23 0.5
20 24 1.5
20 25 1.0
20 26 1.0
20 27 1.0
20 28 1.0
20 29 1.5
20 30 2.0
20 31 1.0
20 32 1.5
20 33 1.0
20 34 1.0
20 35 1.5
20 36 2.0
20 37 1.0
20 38 1.0
20 39 1.0
20 40 2.0
20 41 1.0
20 42 1.5
20 43 0.5
20 44 3.0
20 45 3.0
20 46 1.5
20 47 1.0
20 48 3.0
20 49 1.5
20 50 1.5
20 51 1.0
20 52 1.5
20 53 1.0
20 54 1.5
20 55 3.0
20 56 1.5
20 57 4.0
20 58 2.0
20 59 2.0
20 60 2.5
20 61 1.0
20 62 2.0
20 63 1.5
20 64 2.0
20 65 3.5
20 66 2.5
20 67 1.5
20 68 2.0
20 69 1.0
20 70 2.0
20 71 1.5
20 72 3.5
20 73 1.0
20 74 1.0
20 75 1.5
20 76 1.0
20 77 1.5
20 78 1.5
20 79 3.0
20 80 2.0
20 81 2.5
20 82 2.0
20 83 2.0
20 84 3.5
20 85 1.5
20 86 3.5
20 87 6.5
20 88 2.0
20 89 1.5
20 90 2.0
20 91 1.5
20 92 1.5
20 93 1.5
20 94 1.0
20 95 1.5
20 96 1.5
20 97 1.5
20 98 1.5
20 99 1.5
20 100 1.5
20 101 1.5
20 102 1.0
20 103 1.0
20 104 1.0
20 105 1.0
20 106 1.5
20 107 1.5
20 108 1.0
20 109 1.5
20 110 1.0
20 111 1.0
20 112 1.0
20 113 1.0
20 114 1.0
20 115 1.0
20 116 1.0
20 117 1.0
21 21 0.0
21 22 1.0
21 23 1.5
21 24 1.5
21 25 1.5
21 26 0.5
21 27 1.5
21 28 0.5
21 29 0.5
21 30 2.5
21 31 1.5
21 32 0.5
21 33 2.0
21 34 1.0
21 35 2.0
21 36 2.5
21 37 1.0
21 38 1.5
21 39 1.5
21 40 2.0
21 41 1.0
21 42 2.0
21 43 1.5
21 44 3.0
21 45 3.0
21 46 0.5
21 47 1.5
21 48 3.0
21 49 0.5
21 50 2.0
21 51 1.0
21 52 2.0
21 53 1.5
21 54 1.5
21 55 3.0
21 56 1.5
21 57 4.0
21 58 2.5
21 59 2.0
21 60 2.5
21 61 1.0
21 62 2.0
21 63 1.5
21 64 2.5
21 65 3.5
21 66 2.5
21 67 1.5
21 68 2.5
21 69 1.0
21 70 2.0
21 71 1.5
21 72 3.5
21 73 1.0
21 74 1.0
21 75 1.5
21 76 1.0
21 77 0.5
21 78 1.5
21 79 3.0
21 80 2.0
21 81 2.5
21 82 2.0
21 83 2.0
21 84 3.5
21 85 1.5
21 86 3.5
21 87 6.5
21 88 2.0
21 89 1.5
21 90 2.0
21 91 0.5
21 92 0.5
21 93 0.5
21 94 0.5
21 95 0.5
21 96 0.5
21 97 0.5
21 98 0.5
21 99 0.5
21 100 0.5
21 101 0.5
21 102 1.0
21 103 1.5
21 104 1.0
21 105 1.0
21 106 0.5
21 107 0.5
21 108 0.5
21 109 0.5
21 110 0.5
21 111 0.5
21 112 1.0
21 113 0.5
21 114 1.0
21 115 0.5
21 116 0.5
21 117 1.0
22 22 0.0
22 23 1.0
22 24 1.5
22 25 1.0
22 26 1.0
22 27 1.0
22 28 1.0
22 29 1.0
22 30 2.0
22 31 1.0
22 32 1.0
22 33 2.0
22 34 0.5
22 35 2.0
22 36 2.0
22 37 1.0
22 38 1.0
22 39 1.0
22 40 2.0
22 41 1.0
22 42 2.0
22 43 1.0
22 44 3.0
22 45 3.0
22 46 1.0
22 47 1.0
22 48 3.0
22 49 1.0
22 50 2.0
22 51 1.0
22 52 2.0
22 53 1.0
22 54 1.5
22 55 3.0
22 56 1.5
22 57 4.0
22 58 2.0
22 59 2.0
22 60 2.0
22 61 1.0
22 62 2.0
22 63 1.5
22 64 2.0
22 65 3.5
22 66 2.0
22 67 1.5
22 68 2.0
22 69 1.0
22 70 2.0
22 71 1.5
22 72 3.5
22 73 1.0
22 74 1.0
22 75 1.5
22 76 1.0
22 77 1.0
22 78 1.5
22 79 3.0
22 80 2.0
22 81 2.5
22 82 2.0
22 83 2.0
22 84 3.5
22 85 1.5
22 86 3.5
22 87 6.5
22 88 2.0
22 89 1.5
22 90 2.0
22 91 1.0
22 92 1.0
22 93 1.0
22 94 1.0
22 95 1.0
22 96 1.0
22 97 1.0
22 98 1.0
22 99 1.0
22 100 1.0
22 101 1.0
22 102 0.5
22 103 1.0
22 104 1.0
22 105 0.5
22 106 1.0
22 107 1.0
22 108 1.0
22 109 1.0
22 110 1.0
22 111 1.0
22 112 1.0
22 113 1.0
22 114 1.0
22 115 1.0
22 116 1.0
22 117 1.0
23 23 0.0
23 24 1.5
23 25 1.0
23 26 1.0
23 27 1.0
23 28 1.0
23 29 1.5
23 30 2.0
23 31 1.0
23 32 1.5
23 33 1.0
23 34 1.0
23 35 1.5
23 36 2.0
23 37 1.0
23 38 1.0
23 39 1.0
23 40 2.0
23 41 1.0
23 42 1.5
23 43 0.5
23 44 3.0
23 45 3.0
23 46 1.5
23 47 1.0
23 48 3.0
23 49 1.5
23 50 1.5
23 51 1.0
23 52 1.5
23 53 1.0
23 54 1.5
23 55 3.0
23 56 1.5
23 57 4.0
23 58 2.0
23 59 2.0
23 60 2.5
23 61 1.0
23 62 2.0
23 63 1.5
23 64 2.0
23 65 3.5
23 66 2.5
23 67 1.5
23 68 2.0
23 69 1.0
23 70 2.0
23 71 1.5
23 72 3.5
23 73 1.0
23 74 1.0
23 75 1.5
23 76 1.0
23 77 1.5
23 78 1.5
23 79 3.0
23 80 2.0
23 81 2.5
23 82 2.0
23 83 2.0
23 84 3.5
23 85 1.5
23 86 3.5
23 87 6.5
23 88 2.0
23 89 1.5
23 90 2.0
23 91 1.5
23 92 1.5
23 93 1.5
23 94 1.0
23 95 1.5
23 96 1.5
23 97 1.5
23 98 1.5
23 99 1.5
23 100 1.5
23 101 1.5
23 102 1.0
23 103 1.0
23 104 1.0
23 105 1.0
23 106 1.5
23 107 1.5
23 108 1.0
23 109 1.5
23 110 1.0
23 111 1.0
23 112 1.0
23 113 1.0
23 114 1.0
23 115 1.0
23 116 1.0
23 117 1.0
24 24 0.0
24 25 1.0
24 26 1.5
24 27 1.0
24 28 1.0
24 29 1.5
24 30 2.0
24 31 1.0
24 32 1.5
24 33 1.0
24 34 1.0
24 35 1.5
24 36 2.0
24 37 1.0
24 38 1.0
24 39 1.0
24 40 1.0
24 41 1.0
24 42 1.0
24 43 1.5
24 44 3.0
24 45 3.0
24 46 1.5
24 47 1.0
24 48 3.0
24 49 1.5
24 50 1.0
24 51 1.0
24 52 1.0
24 53 1.0
24 54 1.5
24 55 3.0
24 56 1.0
24 57 4.0
24 58 2.0
24 59 1.5
24 60 2.0
24 61 1.0
24 62 1.0
24 63 1.5
24 64 2.0
24 65 3.0
24 66 2.0
24 67 1.0
24 68 2.0
24 69 1.5
24 70 1.5
24 71 1.0
24 72 3.0
24 73 1.0
24 74 1.0
24 75 1.5
24 76 1.0
24 77 1.5
24 78 1.0
24 79 3.0
24 80 1.5
24 81 2.5
24 82 1.5
24 83 1.5
24 84 3.0
24 85 1.0
24 86 3.0
24 87 6.5
24 88 1.5
24 89 1.0
24 90 1.5
24 91 1.5
24 92 1.5
24 93 1.5
24 94 1.5
24 95 1.5
24 96 1.5
24 97 1.5
24 98 1.5
24 99 1.5
24 100 1.5
24 101 1.5
24 102 1.0
24 103 1.0
24 104 1.0
24 105 1.0
24 106 1.5
24 107 1.5
24 108 1.5
24 109 1.5
24 110 1.5
24 111 1.5
24 112 1.5
24 113 1.5
24 114 1.5
24 115 1.5
24 116 1.5
24 117 1.5
25 25 0.0
25 26 1.0
25 27 1.0
25 28 1.0
25 29 1.5
25 30 2.0
25 31 1.0
25 32 1.5
25 33 1.0
25 34 1.0
25 35 1.5
25 36 2.0
25 37 1.0
25 38 1.0
25 39 1.0
25 40 2.0
25 41 1.0
25 42 1.5
25 43 1.0
25 44 3.0
25 45 3.0
25 46 1.5
25 47 1.0
25 48 3.0
25 49 1.5
25 50 1.5
25 51 1.0
25 52 1.5
25 53 1.0
25 54 1.5
25 55 3.0
25 56 1.0
25 57 4.0
25 58 2.0
25 59 2.0
25 60 2.5
25 61 1.0
25 62 2.0
25 63 1.5
25 64 2.0
25 65 3.5
25 66 2.5
25 67 1.0
25 68 2.0
25 69 1.0
25 70 2.0
25 71 1.5
25 72 3.5
25 73 1.0
25 74 1.0
25 75 1.5
25 76 1.0
25 77 1.5
25 78 1.0
25 79 3.0
25 80 2.0
25 81 2.5
25 82 2.0
25 83 2.0
25 84 3.5
25 85 1.5
25 86 3.5
25 87 6.5
25 88 2.0
25 89 1.5
25 90 2.0
25 91 1.5
25 92 1.5
25 93 1.5
25 94 1.0
25 95 1.5
25 96 1.5
25 97 1.5
25 98 1.5
25 99 1.5
25 100 1.5
25 101 1.5
25 102 1.0
25 103 1.0
25 104 1.0
25 105 1.0
25 106 1.5
25 107 1.5
25 108 1.0
25 109 1.5
25 110 1.0
25 111 1.0
25 112 1.0
25 113 1.0
25 114 1.0
25 115 1.0
25 116 1.0
25 117 1.0
26 26 0.0
26 27 1.0
26 28 0.5
26 29 0.5
26 30 2.5
26 31 1.0
26 32 0.5
26 33 2.0
26 34 1.0
26 35 2.0
26 36 2.5
26 37 1.0
26 38 1.0
26 39 1.0
26 40 2.0
26 41 1.0
26 42 2.0
26 43 1.0
26 44 3.0
26 45 3.0
26 46 0.5
26 47 1.0
26 48 3.0
26 49 0.5
26 50 2.0
26 51 1.0
26 52 2.0
26 53 1.0
26 54 1.5
26 55 3.0
26 56 1.5
26 57 4.0
26 58 2.5
26 59 2.0
26 60 2.5
26 61 1.0
26 62 2.0
26 63 1.5
26 64 2.5
26 65 3.5
26 66 2.5
26 67 1.5
26 68 2.5
26 69 1.0
26 70 2.0
26 71 1.5
26 72 3.5
26 73 1.0
26 74 1.0
26 75 1.5
26 76 1.0
26 77 0.5
26 78 1.5
26 79 3.0
26 80 2.0
26 81 2.5
26 82 2.0
26 83 2.0
26 84 3.5
26 85 1.5
26 86 3.5
26 87 6.5
26 88 2.0
26 89 1.5
26 90 2.0
26 91 0.5
26 92 0.5
26 93 0.5
26 94 0.5
26 95 0.5
26 96 0.5
26 97 0.5
26 98 0.5
26 99 0.5
26 100 0.5
26 101 0.5
26 102 1.0
26 103 1.0
26 104 1.0
26 105 1.0
26 106 0.5
26 107 0.5
26 108 0.5
26 109 0.5
26 110 0.5
26 111 0.5
26 112 1.0
26 113 0.5
26 114 1.0
26 115 0.5
26 116 0.5
26 117 1.0
27 27 0.0
27 28 1.0
27 29 1.5
27 30 2.0
27 31 1.0
27 32 1.5
27 33 1.0
27 34 1.0
27 35 1.0
27 36 2.0
27 37 1.0
27 38 1.0
27 39 1.0
27 40 2.0
27 41 1.0
27 42 1.0
27 43 1.5
27 44 3.0
27 45 3.0
27 46 1.5
27 47 1.0
27 48 3.0
27 49 1.5
27 50 1.0
27 51 1.0
27 52 1.0
27 53 1.0
27 54 1.0
27 55 3.0
27 56 1.0
27 57 4.0
27 58 2.0
27 59 1.5
27 60 2.0
27 61 1.0
27 62 2.0
27 63 1.0
27 64 2.0
27 65 3.5
27 66 2.0
27 67 1.0
27 68 2.0
27 69 1.0
27 70 2.0
27 71 1.0
27 72 3.5
27 73 1.0
27 74 1.0
27 75 1.5
27 76 1.0
27 77 1.5
27 78 1.0
27 79 3.0
27 80 1.5
27 81 2.5
27 82 1.0
27 83 1.5
27 84 3.5
27 85 1.0
27 86 3.5
27 87 6.5
27 88 1.5
27 89 1.0
27 90 1.5
27 91 1.5
27 92 1.5
27 93 1.5
27 94 1.0
27 95 1.5
27 96 1.5
27 97 1.5
27 98 1.5
27 99 1.5
27 100 1.5
27 101 1.5
27 102 1.0
27 103 1.0
27 104 1.0
27 105 1.0
27 106 1.5
27 107 1.5
27 108 1.0
27 109 1.5
27 110 1.5
27 111 1.5
27 112 1.5
27 113 1.5
27 114 1.5
27 115 1.0
27 116 1.0
27 117 1.5
28 28 0.0
28 29 0.5
28 30 2.5
28 31 1.0
28 32 0.5
28 33 2.0
28 34 1.0
28 35 2.0
28 36 2.5
28 37 1.0
28 38 1.0
28 39 1.0
28 40 2.0
28 41 1.0
28 42 2.0
28 43 1.0
28 44 3.0
28 45 3.0
28 46 0.5
28 47 1.0
28 48 3.0
28 49 0.5
28 50 2.0
28 51 1.0
28 52 2.0
28 53 1.0
28 54 1.5
28 55 3.0
28 56 1.0
28 57 4.0
28 58 2.5
28 59 2.0
28 60 2.5
28 61 1.0
28 62 2.0
28 63 1.0
28 64 2.5
28 65 3.5
28 66 2.5
28 67 1.0
28 68 2.5
28 69 1.0
28 70 2.0
28 71 1.0
28 72 3.5
28 73 1.0
28 74 1.0
28 75 1.5
28 76 1.0
28 77 0.5
28 78 1.0
28 79 3.0
28 80 2.0
28 81 2.5
28 82 2.0
28 83 2.0
28 84 3.5
28 85 1.0
28 86 3.5
28 87 6.5
28 88 2.0
28 89 1.0
28 90 2.0
28 91 0.5
28 92 0.5
28 93 0.5
28 94 0.5
28 95 0.5
28 96 0.5
28 97 0.5
28 98 0.5
28 99 0.5
28 100 0.5
28 101 0.5
28 102 1.0
28 103 1.0
28 104 1.0
28 105 1.0
28 106 0.5
28 107 0.5
28 108 0.5
28 109 0.5
28 110 0.5
28 111 0.5
28 112 1.0
28 113 0.5
28 114 1.0
28 115 0.5
28 116 0.5
28 117 1.0
29 29 0.0
29 30 2.5
29 31 1.5
29 32 0.5
29 33 2.0
29 34 1.0
29 35 2.0
29 36 2.5
29 37 1.0
29 38 1.5
29 39 1.5
29 40 2.0
29 41 1.0
29 42 2.0
29 43 1.5
29 44 3.0
29 45 3.0
29 46 0.0
29 47 1.5
29 48 3.0
29 49 0.5
29 50 2.0
29 51 1.0
29 52 2.0
29 53 1.5
29 54 1.5
29 55 3.0
29 56 1.5
29 57 4.0
29 58 2.5
29 59 2.0
29 60 2.5
29 61 1.0
29 62 2.0
29 63 1.5
29 64 2.5
29 65 3.5
29 66 2.5
29 67 1.5
29 68 2.5
29 69 1.0
29 70 2.0
29 71 1.5
29 72 3.5
29 73 1.0
29 74 1.0
29 75 1.5
29 76 1.0
29 77 0.0
29 78 1.5
29 79 3.0
29 80 2.0
29 81 2.5
29 82 2.0
29 83 2.0
29 84 3.5
29 85 1.5
29 86 3.5
29 87 6.5
29 88 2.0
29 89 1.5
29 90 2.0
29 91 0.5
29 92 0.5
29 93 0.5
29 94 0.5
29 95 0.5
29 96 0.5
29 97 0.5
29 98 0.5
29 99 0.5
29 100 0.5
29 101 0.5
29 102 1.0
29 103 1.5
29 104 1.0
29 105 1.0
29 106 0.5
29 107 0.5
29 108 0.5
29 109 0.5
29 110 0.5
29 111 0.5
29 112 1.0
29 113 0.5
29 114 1.0
29 115 0.5
29 116 0.5
29 117 1.0
30 30 0.0
30 31 2.0
30 32 2.5
30 33 2.0
30 34 2.0
30 35 1.0
30 36 2.0
30 37 2.0
30 38 2.0
30 39 2.0
30 40 1.0
30 41 2.5
30 42 1.0
30 43 2.0
30 44 2.0
30 45 1.0
30 46 2.5
30 47 2.0
30 48 2.0
30 49 2.5
30 50 1.0
30 51 2.0
30 52 1.0
30 53 2.0
30 54 2.0
30 55 1.0
30 56 2.0
30 57 3.0
30 58 1.0
30 59 1.0
30 60 1.0
30 61 2.0
30 62 1.0
30 63 2.0
30 64 1.0
30 65 2.0
30 66 1.0
30 67 2.0
30 68 2.0
30 69 2.5
30 70 1.0
30 71 2.0
30 72 2.0
30 73 2.0
30 74 2.5
30 75 2.0
30 76 2.0
30 77 2.5
30 78 2.0
30 79 2.0
30 80 1.5
30 81 2.0
30 82 1.0
30 83 1.0
30 84 2.0
30 85 2.0
30 86 3.0
30 87 6.5
30 88 1.5
30 89 2.0
30 90 1.5
30 91 2.5
30 92 2.5
30 93 2.5
30 94 2.5
30 95 2.5
30 96 2.5
30 97 2.5
30 98 2.5
30 99 2.5
30 100 2.5
30 101 2.5
30 102 2.5
30 103 2.0
30 104 2.0
30 105 2.5
30 106 2.5
30 107 2.5
30 108 2.5
30 109 2.5
30 110 2.5
30 111 2.5
30 112 2.5
30 113 2.5
30 114 2.0
30 115 2.5
30 116 2.5
30 117 2.0
31 31 0.0
31 32 1.5
31 33 1.0
31 34 1.0
31 35 1.0
31 36 2.0
31 37 1.0
31 38 1.0
31 39 1.0
31 40 2.0
31 41 1.0
31 42 1.0
31 43 1.5
31 44 3.0
31 45 3.0
31 46 1.5
31 47 1.0
31 48 3.0
31 49 1.5
31 50 1.0
31 51 1.0
31 52 1.0
31 53 1.0
31 54 1.5
31 55 3.0
31 56 1.0
31 57 4.0
31 58 2.0
31 59 1.5
31 60 2.0
31 61 1.0
31 62 2.0
31 63 1.0
31 64 2.0
31 65 3.5
31 66 2.0
31 67 1.0
31 68 2.0
31 69 1.0
31 70 2.0
31 71 1.0
31 72 3.5
31 73 1.0
31 74 1.0
31 75 1.5
31 76 1.0
31 77 1.5
31 78 1.0
31 79 3.0
31 80 1.5
31 81 2.5
31 82 1.5
31 83 1.5
31 84 3.5
31 85 1.0
31 86 3.5
31 87 6.5
31 88 1.5
31 89 1.0
31 90 1.5
31 91 1.5
31 92 1.5
31 93 1.5
31 94 1.0
31 95 1.5
31 96 1.5
31 97 1.5
31 98 1.5
31 99 1.5
31 100 1.5
31 101 1.5
31 102 1.0
31 103 1.0
31 104 1.0
31 105 1.0
31 106 1.5
31 107 1.5
31 108 1.0
31 109 1.5
31 110 1.5
31 111 1.5
31 112 1.5
31 113 1.5
31 114 1.5
31 115 1.0
31 116 1.0
31 117 1.5
32 32 0.0
32 33 2.0
32 34 1.0
32 35 2.0
32 36 2.5
32 37 1.0
32 38 1.5
32 39 1.5
32 40 2.0
32 41 1.0
32 42 2.0
32 43 1.5
32 44 3.0
32 45 3.0
32 46 0.5
32 47 1.5
32 48 3.0
32 49 0.5
32 50 2.0
32 51 1.0
32 52 2.0
32 53 1.5
32 54 1.5
32 55 3.0
32 56 1.5
32 57 4.0
32 58 2.5
32 59 2.0
32 60 2.5
32 61 1.0
32 62 2.0
32 63 1.5
32 64 2.5
32 65 3.5
32 66 2.5
32 67 1.5
32 68 2.5
32 69 1.0
32 70 2.0
32 71 1.5
32 72 3.5
32 73 1.0
32 74 1.0
32 75 1.5
32 76 1.0
32 77 0.5
32 78 1.5
32 79 3.0
32 80 2.0
32 81 2.5
32 82 2.0
32 83 2.0
32 84 3.5
32 85 1.5
32 86 3.5
32 87 6.5
32 88 2.0
32 89 1.5
32 90 2.0
32 91 0.5
32 92 0.5
32 93 0.5
32 94 0.5
32 95 0.5
32 96 0.5
32 97 0.5
32 98 0.5
32 99 0.5
32 100 0.5
32 101 0.5
32 102 1.0
32 103 1.5
32 104 1.0
32 105 1.0
32 106 0.5
32 107 0.5
32 108 0.5
32 109 0.5
32 110 0.5
32 111 0.5
32 112 1.0
32 113 0.5
32 114 1.0
32 115 0.5
32 116 0.5
32 117 1.0
33 33 0.0
33 34 2.0
33 35 1.5
33 36 1.0
33 37 2.0
33 38 1.0
33 39 1.0
33 40 2.0
33 41 2.0
33 42 1.5
33 43 1.0
33 44 2.5
33 45 2.5
33 46 2.0
33 47 1.0
33 48 2.5
33 49 2.0
33 50 1.5
33 51 2.0
33 52 1.5
33 53 1.0
33 54 1.5
33 55 2.0
33 56 1.0
33 57 4.0
33 58 1.5
33 59 2.0
33 60 2.5
33 61 2.0
33 62 2.0
33 63 1.5
33 64 1.0
33 65 3.0
33 66 2.5
33 67 1.0
33 68 2.0
33 69 2.0
33 70 2.0
33 71 1.5
33 72 3.0
33 73 2.0
33 74 2.0
33 75 1.5
33 76 2.0
33 77 2.0
33 78 1.5
33 79 3.0
33 80 2.0
33 81 2.5
33 82 2.0
33 83 2.0
33 84 3.0
33 85 1.5
33 86 3.5
33 87 6.5
33 88 2.0
33 89 1.5
33 90 2.0
33 91 2.0
33 92 2.0
33 93 2.0
33 94 2.0
33 95 2.0
33 96 2.0
33 97 2.0
33 98 2.0
33 99 2.0
33 100 2.0
33 101 2.0
33 102 2.0
33 103 1.0
33 104 2.0
33 105 2.0
33 106 2.0
33 107 2.0
33 108 2.0
33 109 2.0
33 110 2.0
33 111 2.0
33 112 2.0
33 113 2.0
33 114 2.0
33 115 2.0
33 116 2.0
33 117 2.0
34 34 0.0
34 35 2.0
34 36 2.0
34 37 1.0
34 38 1.0
34 39 1.0
34 40 2.0
34 41 1.0
34 42 2.0
34 43 1.0
34 44 3.0
34 45 3.0
34 46 1.0
34 47 1.0
34 48 3.0
34 49 1.0
34 50 2.0
34 51 1.0
34 52 2.0
34 53 1.0
34 54 1.5
34 55 3.0
34 56 1.0
34 57 4.0
34 58 2.0
34 59 2.0
34 60 2.0
34 61 1.0
34 62 2.0
34 63 1.5
34 64 2.0
34 65 3.5
34 66 2.0
34 67 1.0
34 68 2.0
34 69 1.0
34 70 2.0
34 71 1.5
34 72 3.5
34 73 1.0
34 74 1.0
34 75 1.5
34 76 1.0
34 77 1.0
34 78 1.0
34 79 3.0
34 80 2.0
34 81 2.5
34 82 2.0
34 83 2.0
34 84 3.5
34 85 1.5
34 86 3.5
34 87 6.5
34 88 2.0
34 89 1.5
34 90 2.0
34 91 1.0
34 92 1.0
34 93 1.0
34 94 1.0
34 95 1.0
34 96 1.0
34 97 1.0
34 98 1.0
34 99 1.0
34 100 1.0
34 101 1.0
34 102 0.5
34 103 1.0
34 104 1.0
34 105 0.5
34 106 1.0
34 107 1.0
34 108 1.0
34 109 1.0
34 110 1.0
34 111 1.0
34 112 1.0
34 113 1.0
34 114 1.0
34 115 1.0
34 116 1.0
34 117 1.0
35 35 0.0
35 36 1.5
35 37 2.0
35 38 1.5
35 39 1.0
35 40 1.5
35 41 2.0
35 42 1.0
35 43 1.5
35 44 2.0
35 45 2.0
35 46 2.0
35 47 1.0
35 48 2.0
35 49 2.0
35 50 1.0
35 51 2.0
35 52 1.0
35 53 1.5
35 54 1.0
35 55 2.0
35 56 1.0
35 57 4.0
35 58 1.0
35 59 1.0
35 60 2.0
35 61 2.0
35 62 1.0
35 63 1.0
35 64 1.5
35 65 3.0
35 66 2.0
35 67 1.0
35 68 1.5
35 69 2.0
35 70 1.0
35 71 1.0
35 72 3.0
35 73 2.0
35 74 2.0
35 75 1.0
35 76 2.0
35 77 2.0
35 78 1.0
35 79 3.0
35 80 1.5
35 81 2.0
35 82 1.0
35 83 1.0
35 84 3.0
35 85 1.0
35 86 3.0
35 87 6.5
35 88 1.5
35 89 1.0
35 90 1.5
35 91 2.0
35 92 2.0
35 93 2.0
35 94 2.0
35 95 2.0
35 96 2.0
35 97 2.0
35 98 2.0
35 99 2.0
35 100 2.0
35 101 2.0
35 102 2.0
35 103 1.0
35 104 2.0
35 105 2.0
35 106 2.0
35 107 2.0
35 108 2.0
35 109 2.0
35 110 2.0
35 111 2.0
35 112 2.0
35 113 2.0
35 114 2.0
35 115 2.0
35 116 2.0
35 117 2.0
36 36 0.0
36 37 2.0
36 38 2.0
36 39 2.0
36 40 2.0
36 41 2.5
36 42 1.5
36 43 2.0
36 44 2.5
36 45 2.5
36 46 2.5
36 47 2.0
36 48 2.5
36 49 2.5
36 50 1.5
36 51 2.0
36 52 1.5
36 53 2.0
36 54 2.0
36 55 2.0
36 56 2.0
36 57 3.0
36 58 1.5
36 59 2.0
36 60 2.5
36 61 2.0
36 62 2.0
36 63 2.0
36 64 1.0
36 65 3.0
36 66 2.5
36 67 2.0
36 68 2.0
36 69 2.5
36 70 2.0
36 71 2.0
36 72 2.5
36 73 2.0
36 74 2.5
36 75 2.0
36 76 2.0
36 77 2.5
36 78 2.0
36 79 3.0
36 80 2.0
36 81 2.5
36 82 2.0
36 83 2.0
36 84 3.0
36 85 2.0
36 86 3.5
36 87 6.5
36 88 2.0
36 89 2.0
36 90 2.0
36 91 2.5
36 92 2.5
36 93 2.5
36 94 2.5
36 95 2.5
36 96 2.5
36 97 2.5
36 98 2.5
36 99 2.5
36 100 2.5
36 101 2.5
36 102 2.5
36 103 2.0
36 104 2.0
36 105 2.5
36 106 2.5
36 107 2.5
36 108 2.5
36 109 2.5
36 110 2.5
36 111 2.5
36 112 2.5
36 113 2.5
36 114 2.0
36 115 2.5
36 116 2.5
36 117 2.0
37 37 0.0
37 38 1.0
37 39 1.0
37 40 2.0
37 41 1.0
37 42 2.0
37 43 1.0
37 44 3.0
37 45 3.0
37 46 1.0
37 47 1.0
37 48 3.0
37 49 1.0
37 50 2.0
37 51 1.0
37 52 2.0
37 53 1.0
37 54 1.0
37 55 3.0
37 56 1.0
37 57 4.0
37 58 2.0
37 59 2.0
37 60 2.0
37 61 1.0
37 62 2.0
37 63 1.0
37 64 2.0
37 65 3.5
37 66 2.0
37 67 1.0
37 68 2.0
37 69 1.0
37 70 2.0
37 71 1.0
37 72 3.5
37 73 1.0
37 74 1.0
37 75 1.0
37 76 1.0
37 77 1.0
37 78 1.0
37 79 3.0
37 80 2.0
37 81 2.0
37 82 2.0
37 83 2.0
37 84 3.5
37 85 1.0
37 86 3.5
37 87 6.5
37 88 2.0
37 89 1.0
37 90 2.0
37 91 1.0
37 92 1.0
37 93 1.0
37 94 1.0
37 95 1.0
37 96 1.0
37 97 1.0
37 98 1.0
37 99 1.0
37 100 1.0
37 101 1.0
37 102 1.0
37 103 1.0
37 104 1.0
37 105 1.0
37 106 1.0
37 107 1.0
37 108 1.0
37 109 1.0
37 110 1.0
37 111 1.0
37 112 1.0
37 113 1.0
37 114 1.0
37 115 1.0
37 116 1.0
37 117 1.0
38 38 0.0
38 39 1.0
38 40 2.0
38 41 1.0
38 42 1.5
38 43 1.5
38 44 3.0
38 45 3.0
38 46 1.5
38 47 1.0
38 48 3.0
38 49 1.5
38 50 1.0
38 51 1.0
38 52 1.0
38 53 1.0
38 54 1.5
38 55 3.0
38 56 1.0
38 57 4.0
38 58 2.0
38 59 1.5
38 60 2.0
38 61 1.0
38 62 2.0
38 63 1.5
38 64 2.0
38 65 3.5
38 66 2.0
38 67 1.0
38 68 2.0
38 69 1.0
38 70 2.0
38 71 1.5
38 72 3.5
38 73 1.0
38 74 1.0
38 75 1.5
38 76 1.0
38 77 1.5
38 78 1.0
38 79 3.0
38 80 1.5
38 81 2.5
38 82 1.5
38 83 1.5
38 84 3.5
38 85 1.5
38 86 3.5
38 87 6.5
38 88 1.5
38 89 1.5
38 90 1.5
38 91 1.5
38 92 1.5
38 93 1.5
38 94 1.0
38 95 1.5
38 96 1.5
38 97 1.5
38 98 1.5
38 99 1.5
38 100 1.5
38 101 1.5
38 102 1.0
38 103 1.0
38 104 1.0
38 105 1.0
38 106 1.5
38 107 1.5
38 108 1.0
38 109 1.5
38 110 1.5
38 111 1.5
38 112 1.5
38 113 1.5
38 114 1.5
38 115 1.0
38 116 1.0
38 117 1.5
39 39 0.0
39 40 2.0
39 41 1.0
39 42 1.0
39 43 1.0
39 44 3.0
39 45 3.0
39 46 1.5
39 47 1.0
39 48 3.0
39 49 1.5
39 50 1.0
39 51 1.0
39 52 1.0
39 53 1.0
39 54 1.0
39 55 3.0
39 56 1.0
39 57 4.0
39 58 2.0
39 59 2.0
39 60 2.0
39 61 1.0
39 62 2.0
39 63 1.0
39 64 2.0
39 65 3.0
39 66 2.0
39 67 1.0
39 68 2.0
39 69 1.0
39 70 2.0
39 71 1.0
39 72 3.0
39 73 1.0
39 74 1.0
39 75 1.0
39 76 1.0
39 77 1.5
39 78 1.0
39 79 3.0
39 80 2.0
39 81 2.0
39 82 2.0
39 83 2.0
39 84 3.0
39 85 1.0
39 86 3.5
39 87 6.5
39 88 2.0
39 89 1.0
39 90 2.0
39 91 1.5
39 92 1.5
39 93 1.5
39 94 1.0
39 95 1.5
39 96 1.5
39 97 1.5
39 98 1.5
39 99 1.5
39 100 1.5
39 101 1.5
39 102 1.0
39 103 1.0
39 104 1.0
39 105 1.0
39 106 1.5
39 107 1.5
39 108 1.0
39 109 1.5
39 110 1.0
39 111 1.0
39 112 1.0
39 113 1.0
39 114 1.0
39 115 1.0
39 116 1.0
39 117 1.0
40 40 0.0
40 41 2.0
40 42 1.0
40 43 2.0
40 44 2.0
40 45 2.0
40 46 2.0
40 47 2.0
40 48 2.0
40 49 2.0
40 50 1.0
40 51 2.0
40 52 1.0
40 53 2.0
40 54 1.5
40 55 2.0
40 56 1.0
40 57 4.0
40 58 1.0
40 59 1.5
40 60 2.0
40 61 2.0
40 62 1.0
40 63 1.5
40 64 2.0
40 65 3.0
40 66 2.0
40 67 1.0
40 68 2.0
40 69 2.0
40 70 1.5
40 71 1.0
40 72 3.0
40 73 2.0
40 74 2.0
40 75 1.5
40 76 2.0
40 77 2.0
40 78 1.0
40 79 2.5
40 80 1.5
40 81 2.5
40 82 1.5
40 83 1.5
40 84 3.0
40 85 1.0
40 86 3.0
40 87 6.5
40 88 1.5
40 89 1.0
40 90 1.5
40 91 2.0
40 92 2.0
40 93 2.0
40 94 2.0
40 95 2.0
40 96 2.0
40 97 2.0
40 98 2.0
40 99 2.0
40 100 2.0
40 101 2.0
40 102 2.0
40 103 2.0
40 104 2.0
40 105 2.0
40 106 2.0
40 107 2.0
40 108 2.0
40 109 2.0
40 110 2.0
40 111 2.0
40 112 2.0
40 113 2.0
40 114 2.0
40 115 2.0
40 116 2.0
40 117 2.0
41 41 0.0
41 42 2.0
41 43 1.0
41 44 3.0
41 45 3.0
41 46 1.0
41 47 1.0
41 48 3.0
41 49 1.0
41 50 2.0
41 51 1.0
41 52 2.0
41 53 1.0
41 54 1.5
41 55 3.0
41 56 1.0
41 57 4.0
41 58 2.5
41 59 2.0
41 60 2.5
41 61 1.0
41 62 2.0
41 63 1.5
41 64 2.5
41 65 3.5
41 66 2.5
41 67 1.0
41 68 2.5
41 69 1.0
41 70 2.0
41 71 1.5
41 72 3.5
41 73 1.0
41 74 1.0
41 75 1.5
41 76 1.0
41 77 1.0
41 78 1.0
41 79 3.0
41 80 2.0
41 81 2.5
41 82 2.0
41 83 2.0
41 84 3.5
41 85 1.5
41 86 3.5
41 87 6.5
41 88 2.0
41 89 1.5
41 90 2.0
41 91 1.0
41 92 1.0
41 93 1.0
41 94 1.0
41 95 1.0
41 96 1.0
41 97 1.0
41 98 1.0
41 99 1.0
41 100 1.0
41 101 1.0
41 102 1.0
41 103 1.0
41 104 1.0
41 105 1.0
41 106 1.0
41 107 1.0
41 108 1.0
41 109 1.0
41 110 1.0
41 111 1.0
41 112 1.0
41 113 1.0
41 114 1.0
41 115 1.0
41 116 1.0
41 117 1.0
42 42 0.0
42 43 1.5
42 44 2.0
42 45 2.0
42 46 2.0
42 47 1.0
42 48 2.0
42 49 2.0
42 50 1.0
42 51 2.0
42 52 1.0
42 53 1.5
42 54 1.5
42 55 2.0
42 56 1.0
42 57 4.0
42 58 1.0
42 59 1.5
42 60 2.0
42 61 2.0
42 62 1.0
42 63 1.0
42 64 1.0
42 65 3.0
42 66 2.0
42 67 1.0
42 68 2.0
42 69 2.0
42 70 1.0
42 71 1.0
42 72 3.0
42 73 2.0
42 74 2.0
42 75 1.5
42 76 2.0
42 77 2.0
42 78 1.0
42 79 3.0
42 80 1.5
42 81 2.0
42 82 1.0
42 83 1.5
42 84 3.0
42 85 1.0
42 86 3.0
42 87 6.5
42 88 1.5
42 89 1.0
42 90 1.5
42 91 2.0
42 92 2.0
42 93 2.0
42 94 2.0
42 95 2.0
42 96 2.0
42 97 2.0
42 98 2.0
42 99 2.0
42 100 2.0
42 101 2.0
42 102 2.0
42 103 1.0
42 104 2.0
42 105 2.0
42 106 2.0
42 107 2.0
42 108 2.0
42 109 2.0
42 110 2.0
42 111 2.0
42 112 2.0
42 113 2.0
42 114 2.0
42 115 2.0
42 116 2.0
42 117 2.0
43 43 0.0
43 44 3.0
43 45 3.0
43 46 1.5
43 47 1.0
43 48 3.0
43 49 1.5
43 50 1.5
43 51 1.0
43 52 1.5
43 53 1.0
43 54 1.5
43 55 3.0
43 56 1.5
43 57 4.0
43 58 2.0
43 59 2.0
43 60 2.5
43 61 1.0
43 62 2.0
43 63 1.5
43 64 2.0
43 65 3.0
43 66 2.5
43 67 1.5
43 68 2.0
43 69 1.0
43 70 2.0
43 71 1.5
43 72 3.0
43 73 1.0
43 74 1.0
43 75 1.5
43 76 1.0
43 77 1.5
43 78 1.5
43 79 3.0
43 80 2.0
43 81 2.5
43 82 2.0
43 83 2.0
43 84 3.0
43 85 1.5
43 86 3.0
43 87 6.5
43 88 2.0
43 89 1.5
43 90 2.0
43 91 1.5
43 92 1.5
43 93 1.5
43 94 1.0
43 95 1.5
43 96 1.5
43 97 1.5
43 98 1.5
43 99 1.5
43 100 1.5
43 101 1.5
43 102 1.0
43 103 1.0
43 104 1.0
43 105 1.0
43 106 1.5
43 107 1.5
43 108 1.0
43 109 1.5
43 110 1.0
43 111 1.0
43 112 1.0
43 113 1.0
43 114 1.0
43 115 1.0
43 116 1.0
43 117 1.0
44 44 0.0
44 45 1.0
44 46 3.0
44 47 3.0
44 48 1.0
44 49 3.0
44 50 2.0
44 51 3.0
44 52 2.0
44 53 3.0
44 54 3.0
44 55 1.5
44 56 3.0
44 57 2.0
44 58 2.0
44 59 2.0
44 60 2.0
44 61 3.0
44 62 2.0
44 63 3.0
44 64 2.0
44 65 2.0
44 66 1.0
44 67 3.0
44 68 1.0
44 69 3.0
44 70 2.0
44 71 3.0
44 72 2.0
44 73 3.0
44 74 3.0
44 75 3.0
44 76 3.0
44 77 3.0
44 78 3.0
44 79 2.0
44 80 2.0
44 81 2.0
44 82 2.0
44 83 2.0
44 84 2.0
44 85 3.0
44 86 2.0
44 87 6.5
44 88 2.0
44 89 3.0
44 90 2.0
44 91 3.0
44 92 3.0
44 93 3.0
44 94 3.0
44 95 3.0
44 96 3.0
44 97 3.0
44 98 3.0
44 99 3.0
44 100 3.0
44 101 3.0
44 102 3.0
44 103 3.0
44 104 3.0
44 105 3.0
44 106 3.0
44 107 3.0
44 108 3.0
44 109 3.0
44 110 3.0
44 111 3.0
44 112 3.0
44 113 3.0
44 114 3.0
44 115 3.0
44 116 3.0
44 117 3.0
45 45 0.0
45 46 3.0
45 47 3.0
45 48 1.0
45 49 3.0
45 50 2.0
45 51 3.0
45 52 2.0
45 53 3.0
45 54 3.0
45 55 1.0
45 56 3.0
45 57 2.0
45 58 2.0
45 59 2.0
45 60 1.0
45 61 3.0
45 62 2.0
45 63 3.0
45 64 2.0
45 65 2.0
45 66 1.0
45 67 3.0
45 68 1.0
45 69 3.0
45 70 2.0
45 71 3.0
45 72 2.0
45 73 3.0
45 74 3.0
45 75 3.0
45 76 3.0
45 77 3.0
45 78 3.0
45 79 2.0
45 80 2.0
45 81 2.0
45 82 2.0
45 83 2.0
45 84 2.0
45 85 3.0
45 86 3.0
45 87 6.5
45 88 2.0
45 89 3.0
45 90 2.0
45 91 3.0
45 92 3.0
45 93 3.0
45 94 3.0
45 95 3.0
45 96 3.0
45 97 3.0
45 98 3.0
45 99 3.0
45 100 3.0
45 101 3.0
45 102 3.0
45 103 3.0
45 104 3.0
45 105 3.0
45 106 3.0
45 107 3.0
45 108 3.0
45 109 3.0
45 110 3.0
45 111 3.0
45 112 3.0
45 113 3.0
45 114 3.0
45 115 3.0
45 116 3.0
45 117 3.0
46 46 0.0
46 47 1.5
46 48 3.0
46 49 0.5
46 50 2.0
46 51 1.0
46 52 2.0
46 53 1.5
46 54 1.5
46 55 3.0
46 56 1.5
46 57 4.0
46 58 2.5
46 59 2.0
46 60 2.5
46 61 1.0
46 62 2.0
46 63 1.5
46 64 2.5
46 65 3.5
46 66 2.5
46 67 1.5
46 68 2.5
46 69 1.0
46 70 2.0
46 71 1.5
46 72 3.5
46 73 1.0
46 74 1.0
46 75 1.5
46 76 1.0
46 77 0.0
46 78 1.5
46 79 3.0
46 80 2.0
46 81 2.5
46 82 2.0
46 83 2.0
46 84 3.5
46 85 1.5
46 86 3.5
46 87 6.5
46 88 2.0
46 89 1.5
46 90 2.0
46 91 0.5
46 92 0.5
46 93 0.5
46 94 0.5
46 95 0.5
46 96 0.5
46 97 0.5
46 98 0.5
46 99 0.5
46 100 0.5
46 101 0.5
46 102 1.0
46 103 1.5
46 104 1.0
46 105 1.0
46 106 0.5
46 107 0.5
46 108 0.5
46 109 0.5
46 110 0.5
46 111 0.5
46 112 1.0
46 113 0.5
46 114 1.0
46 115 0.5
46 116 0.5
46 117 1.0
47 47 0.0
47 48 3.0
47 49 1.5
47 50 1.0
47 51 1.0
47 52 1.0
47 53 1.0
47 54 1.0
47 55 3.0
47 56 1.0
47 57 4.0
47 58 2.0
47 59 2.0
47 60 2.0
47 61 1.0
47 62 2.0
47 63 1.0
47 64 2.0
47 65 3.0
47 66 2.0
47 67 1.0
47 68 2.0
47 69 1.0
47 70 2.0
47 71 1.0
47 72 3.0
47 73 1.0
47 74 1.0
47 75 1.0
47 76 1.0
47 77 1.5
47 78 1.0
47 79 3.0
47 80 2.0
47 81 2.0
47 82 2.0
47 83 2.0
47 84 3.0
47 85 1.0
47 86 3.5
47 87 6.5
47 88 2.0
47 89 1.0
47 90 2.0
47 91 1.5
47 92 1.5
47 93 1.5
47 94 1.0
47 95 1.5
47 96 1.5
47 97 1.5
47 98 1.5
47 99 1.5
47 100 1.5
47 101 1.5
47 102 1.0
47 103 1.0
47 104 1.0
47 105 1.0
47 106 1.5
47 107 1.5
47 108 1.0
47 109 1.5
47 110 1.0
47 111 1.0
47 112 1.0
47 113 1.0
47 114 1.0
47 115 1.0
47 116 1.0
47 117 1.0
48 48 0.0
48 49 3.0
48 50 2.0
48 51 3.0
48 52 2.0
48 53 3.0
48 54 3.0
48 55 2.0
48 56 3.0
48 57 2.0
48 58 2.0
48 59 2.0
48 60 2.0
48 61 3.0
48 62 2.0
48 63 3.0
48 64 2.0
48 65 2.0
48 66 2.0
48 67 3.0
48 68 2.0
48 69 3.0
48 70 2.0
48 71 3.0
48 72 2.0
48 73 3.0
48 74 3.0
48 75 3.0
48 76 3.0
48 77 3.0
48 78 3.0
48 79 2.0
48 80 2.0
48 81 2.0
48 82 2.0
48 83 2.0
48 84 2.0
48 85 3.0
48 86 2.0
48 87 6.0
48 88 2.0
48 89 3.0
48 90 2.0
48 91 3.0
48 92 3.0
48 93 3.0
48 94 3.0
48 95 3.0
48 96 3.0
48 97 3.0
48 98 3.0
48 99 3.0
48 100 3.0
48 101 3.0
48 102 3.0
48 103 3.0
48 104 3.0
48 105 3.0
48 106 3.0
48 107 3.0
48 108 3.0
48 109 3.0
48 110 3.0
48 111 3.0
48 112 3.0
48 113 3.0
48 114 3.0
48 115 3.0
48 116 3.0
48 117 3.0
49 49 0.0
49 50 2.0
49 51 1.0
49 52 2.0
49 53 1.5
49 54 1.5
49 55 3.0
49 56 1.5
49 57 4.0
49 58 2.5
49 59 2.0
49 60 2.5
49 61 1.0
49 62 2.0
49 63 1.5
49 64 2.5
49 65 3.5
49 66 2.5
49 67 1.5
49 68 2.5
49 69 1.0
49 70 2.0
49 71 1.5
49 72 3.5
49 73 1.0
49 74 1.0
49 75 1.5
49 76 1.0
49 77 0.5
49 78 1.5
49 79 3.0
49 80 2.0
49 81 2.5
49 82 2.0
49 83 2.0
49 84 3.5
49 85 1.5
49 86 3.5
49 87 6.5
49 88 2.0
49 89 1.5
49 90 2.0
49 91 0.5
49 92 0.5
49 93 0.5
49 94 0.5
49 95 0.5
49 96 0.5
49 97 0.5
49 98 0.5
49 99 0.5
49 100 0.5
49 101 0.5
49 102 1.0
49 103 1.5
49 104 1.0
49 105 1.0
49 106 0.5
49 107 0.5
49 108 0.5
49 109 0.5
49 110 0.5
49 111 0.5
49 112 1.0
49 113 0.5
49 114 1.0
49 115 0.5
49 116 0.5
49 117 1.0
50 50 0.0
50 51 2.0
50 52 1.0
50 53 1.0
50 54 1.0
50 55 2.0
50 56 1.0
50 57 4.0
50 58 1.0
50 59 1.0
50 60 2.0
50 61 2.0
50 62 1.0
50 63 1.0
50 64 1.0
50 65 3.0
50 66 2.0
50 67 1.0
50 68 2.0
50 69 2.0
50 70 1.0
50 71 1.0
50 72 3.0
50 73 2.0
50 74 2.0
50 75 1.0
50 76 2.0
50 77 2.0
50 78 1.0
50 79 3.0
50 80 1.0
50 81 2.0
50 82 1.0
50 83 1.0
50 84 3.0
50 85 1.0
50 86 3.5
50 87 6.5
50 88 1.5
50 89 1.0
50 90 1.5
50 91 2.0
50 92 2.0
50 93 2.0
50 94 2.0
50 95 2.0
50 96 2.0
50 97 2.0
50 98 2.0
50 99 2.0
50 100 2.0
50 101 2.0
50 102 2.0
50 103 1.0
50 104 2.0
50 105 2.0
50 106 2.0
50 107 2.0
50 108 2.0
50 109 2.0
50 110 2.0
50 111 2.0
50 112 2.0
50 113 2.0
50 114 2.0
50 115 2.0
50 116 2.0
50 117 2.0
51 51 0.0
51 52 2.0
51 53 1.0
51 54 1.0
51 55 3.0
51 56 1.0
51 57 4.0
51 58 2.0
51 59 2.0
51 60 2.0
51 61 1.0
51 62 2.0
51 63 1.0
51 64 2.0
51 65 3.5
51 66 2.0
51 67 1.0
51 68 2.0
51 69 1.0
51 70 2.0
51 71 1.0
51 72 3.5
51 73 1.0
51 74 1.0
51 75 1.0
51 76 1.0
51 77 1.0
51 78 1.0
51 79 3.0
51 80 2.0
51 81 2.5
51 82 2.0
51 83 2.0
51 84 3.5
51 85 1.0
51 86 3.5
51 87 6.5
51 88 2.0
51 89 1.0
51 90 2.0
51 91 1.0
51 92 1.0
51 93 1.0
51 94 1.0
51 95 1.0
51 96 1.0
51 97 1.0
51 98 1.0
51 99 1.0
51 100 1.0
51 101 1.0
51 102 1.0
51 103 1.0
51 104 1.0
51 105 1.0
51 106 1.0
51 107 1.0
51 108 1.0
51 109 1.0
51 110 1.0
51 111 1.0
51 112 1.0
51 113 1.0
51 114 1.0
51 115 1.0
51 116 1.0
51 117 1.0
52 52 0.0
52 53 1.0
52 54 1.0
52 55 2.0
52 56 1.0
52 57 4.0
52 58 1.0
52 59 1.0
52 60 2.0
52 61 2.0
52 62 1.0
52 63 1.0
52 64 1.0
52 65 3.0
52 66 2.0
52 67 1.0
52 68 2.0
52 69 2.0
52 70 1.0
52 71 1.0
52 72 3.0
52 73 2.0
52 74 2.0
52 75 1.0
52 76 2.0
52 77 2.0
52 78 1.0
52 79 3.0
52 80 1.0
52 81 2.0
52 82 1.0
52 83 1.0
52 84 3.0
52 85 1.0
52 86 3.0
52 87 6.5
52 88 1.5
52 89 1.0
52 90 1.5
52 91 2.0
52 92 2.0
52 93 2.0
52 94 2.0
52 95 2.0
52 96 2.0
52 97 2.0
52 98 2.0
52 99 2.0
52 100 2.0
52 101 2.0
52 102 2.0
52 103 1.0
52 104 2.0
52 105 2.0
52 106 2.0
52 107 2.0
52 108 2.0
52 109 2.0
52 110 2.0
52 111 2.0
52 112 2.0
52 113 2.0
52 114 2.0
52 115 2.0
52 116 2.0
52 117 2.0
53 53 0.0
53 54 1.5
53 55 3.0
53 56 1.0
53 57 4.0
53 58 2.0
53 59 2.0
53 60 2.5
53 61 1.0
53 62 2.0
53 63 1.5
53 64 2.0
53 65 3.5
53 66 2.5
53 67 1.0
53 68 2.0
53 69 1.0
53 70 2.0
53 71 1.5
53 72 3.5
53 73 1.0
53 74 1.0
53 75 1.5
53 76 1.0
53 77 1.5
53 78 1.0
53 79 3.0
53 80 2.0
53 81 2.5
53 82 2.0
53 83 2.0
53 84 3.5
53 85 1.5
53 86 3.5
53 87 6.5
53 88 2.0
53 89 1.5
53 90 2.0
53 91 1.5
53 92 1.5
53 93 1.5
53 94 1.0
53 95 1.5
53 96 1.5
53 97 1.5
53 98 1.5
53 99 1.5
53 100 1.5
53 101 1.5
53 102 1.0
53 103 1.0
53 104 1.0
53 105 1.0
53 106 1.5
53 107 1.5
53 108 1.0
53 109 1.5
53 110 1.0
53 111 1.0
53 112 1.0
53 113 1.0
53 114 1.0
53 115 1.0
53 116 1.0
53 117 1.0
54 54 0.0
54 55 3.0
54 56 1.0
54 57 4.0
54 58 2.0
54 59 1.0
54 60 2.0
54 61 1.0
54 62 1.0
54 63 1.0
54 64 2.0
54 65 3.0
54 66 2.0
54 67 1.0
54 68 2.0
54 69 1.5
54 70 1.0
54 71 1.0
54 72 3.0
54 73 1.0
54 74 1.0
54 75 1.0
54 76 1.0
54 77 1.5
54 78 1.0
54 79 3.0
54 80 1.0
54 81 2.0
54 82 1.0
54 83 1.0
54 84 3.0
54 85 1.0
54 86 3.0
54 87 6.5
54 88 1.5
54 89 1.0
54 90 1.5
54 91 1.5
54 92 1.5
54 93 1.5
54 94 1.5
54 95 1.5
54 96 1.5
54 97 1.5
54 98 1.5
54 99 1.5
54 100 1.5
54 101 1.5
54 102 1.0
54 103 1.0
54 104 1.0
54 105 1.5
54 106 1.5
54 107 1.5
54 108 1.5
54 109 1.5
54 110 1.5
54 111 1.5
54 112 1.5
54 113 1.5
54 114 1.5
54 115 1.5
54 116 1.5
54 117 1.5
55 55 0.0
55 56 3.0
55 57 2.0
55 58 2.0
55 59 2.0
55 60 2.0
55 61 3.0
55 62 2.0
55 63 3.0
55 64 2.0
55 65 2.0
55 66 1.5
55 67 3.0
55 68 1.5
55 69 3.0
55 70 2.0
55 71 3.0
55 72 2.0
55 73 3.0
55 74 3.0
55 75 3.0
55 76 3.0
55 77 3.0
55 78 3.0
55 79 2.5
55 80 2.0
55 81 2.0
55 82 2.0
55 83 2.0
55 84 2.0
55 85 3.0
55 86 3.0
55 87 6.5
55 88 2.0
55 89 3.0
55 90 2.0
55 91 3.0
55 92 3.0
55 93 3.0
55 94 3.0
55 95 3.0
55 96 3.0
55 97 3.0
55 98 3.0
55 99 3.0
55 100 3.0
55 101 3.0
55 102 3.0
55 103 3.0
55 104 3.0
55 105 3.0
55 106 3.0
55 107 3.0
55 108 3.0
55 109 3.0
55 110 3.0
55 111 3.0
55 112 3.0
55 113 3.0
55 114 3.0
55 115 3.0
55 116 3.0
55 117 3.0
56 56 0.0
56 57 4.0
56 58 2.0
56 59 1.0
56 60 2.0
56 61 1.0
56 62 1.0
56 63 1.0
56 64 2.0
56 65 3.5
56 66 2.0
56 67 1.0
56 68 2.0
56 69 1.5
56 70 1.0
56 71 1.0
56 72 3.5
56 73 1.0
56 74 1.0
56 75 1.0
56 76 1.0
56 77 1.5
56 78 1.0
56 79 3.0
56 80 1.0
56 81 2.0
56 82 1.0
56 83 1.0
56 84 3.5
56 85 1.0
56 86 3.5
56 87 6.5
56 88 1.5
56 89 1.0
56 90 1.5
56 91 1.5
56 92 1.5
56 93 1.5
56 94 1.5
56 95 1.5
56 96 1.5
56 97 1.5
56 98 1.5
56 99 1.5
56 100 1.5
56 101 1.5
56 102 1.0
56 103 1.0
56 104 1.0
56 105 1.0
56 106 1.5
56 107 1.5
56 108 1.5
56 109 1.5
56 110 1.5
56 111 1.5
56 112 1.5
56 113 1.5
56 114 1.5
56 115 1.5
56 116 1.5
56 117 1.5
57 57 0.0
57 58 3.0
57 59 4.0
57 60 3.0
57 61 4.0
57 62 4.0
57 63 4.0
57 64 3.0
57 65 2.0
57 66 3.0
57 67 4.0
57 68 3.0
57 69 4.0
57 70 4.0
57 71 4.0
57 72 2.0
57 73 4.0
57 74 4.0
57 75 4.0
57 76 4.0
57 77 4.0
57 78 4.0
57 79 2.5
57 80 4.0
57 81 3.0
57 82 4.0
57 83 4.0
57 84 2.0
57 85 4.0
57 86 3.0
57 87 6.0
57 88 4.0
57 89 4.0
57 90 4.0
57 91 4.0
57 92 4.0
57 93 4.0
57 94 4.0
57 95 4.0
57 96 4.0
57 97 4.0
57 98 4.0
57 99 4.0
57 100 4.0
57 101 4.0
57 102 4.0
57 103 4.0
57 104 4.0
57 105 4.0
57 106 4.0
57 107 4.0
57 108 4.0
57 109 4.0
57 110 4.0
57 111 4.0
57 112 4.0
57 113 4.0
57 114 4.0
57 115 4.0
57 116 4.0
57 117 4.0
58 58 0.0
58 59 1.5
58 60 2.0
58 61 2.0
58 62 1.0
58 63 2.0
58 64 1.0
58 65 3.0
58 66 2.0
58 67 2.0
58 68 2.0
58 69 2.5
58 70 1.0
58 71 2.0
58 72 2.5
58 73 2.0
58 74 2.5
58 75 2.0
58 76 2.0
58 77 2.5
58 78 2.0
58 79 3.0
58 80 1.5
58 81 2.5
58 82 1.0
58 83 1.5
58 84 3.0
58 85 2.0
58 86 3.5
58 87 6.5
58 88 1.5
58 89 2.0
58 90 1.5
58 91 2.5
58 92 2.5
58 93 2.5
58 94 2.5
58 95 2.5
58 96 2.5
58 97 2.5
58 98 2.5
58 99 2.5
58 100 2.5
58 101 2.5
58 102 2.5
58 103 2.0
58 104 2.0
58 105 2.5
58 106 2.5
58 107 2.5
58 108 2.5
58 109 2.5
58 110 2.5
58 111 2.5
58 112 2.5
58 113 2.5
58 114 2.0
58 115 2.5
58 116 2.5
58 117 2.0
59 59 0.0
59 60 1.5
59 61 2.0
59 62 1.5
59 63 1.0
59 64 1.5
59 65 3.0
59 66 1.0
59 67 1.0
59 68 1.0
59 69 2.0
59 70 1.0
59 71 1.0
59 72 3.0
59 73 2.0
59 74 2.0
59 75 1.0
59 76 2.0
59 77 2.0
59 78 1.0
59 79 2.0
59 80 1.0
59 81 2.0
59 82 1.0
59 83 1.0
59 84 3.0
59 85 1.0
59 86 3.0
59 87 6.5
59 88 1.5
59 89 1.0
59 90 1.5
59 91 2.0
59 92 2.0
59 93 2.0
59 94 2.0
59 95 2.0
59 96 2.0
59 97 2.0
59 98 2.0
59 99 2.0
59 100 2.0
59 101 2.0
59 102 2.0
59 103 2.0
59 104 2.0
59 105 2.0
59 106 2.0
59 107 2.0
59 108 2.0
59 109 2.0
59 110 2.0
59 111 2.0
59 112 2.0
59 113 2.0
59 114 2.0
59 115 2.0
59 116 2.0
59 117 2.0
60 60 0.0
60 61 2.0
60 62 1.0
60 63 2.0
60 64 2.0
60 65 2.0
60 66 2.0
60 67 2.0
60 68 2.0
60 69 2.5
60 70 1.0
60 71 2.0
60 72 2.0
60 73 2.0
60 74 2.5
60 75 2.0
60 76 2.0
60 77 2.5
60 78 2.0
60 79 2.5
60 80 1.5
60 81 2.0
60 82 1.5
60 83 1.5
60 84 2.5
60 85 2.0
60 86 3.0
60 87 6.5
60 88 1.5
60 89 2.0
60 90 1.5
60 91 2.5
60 92 2.5
60 93 2.5
60 94 2.5
60 95 2.5
60 96 2.5
60 97 2.5
60 98 2.5
60 99 2.5
60 100 2.5
60 101 2.5
60 102 2.5
60 103 2.5
60 104 2.0
60 105 2.5
60 106 2.5
60 107 2.5
60 108 2.5
60 109 2.5
60 110 2.5
60 111 2.5
60 112 2.5
60 113 2.5
60 114 2.0
60 115 2.5
60 116 2.5
60 117 2.0
61 61 0.0
61 62 2.0
61 63 1.0
61 64 2.0
61 65 3.5
61 66 2.0
61 67 1.0
61 68 2.0
61 69 1.0
61 70 2.0
61 71 1.0
61 72 3.5
61 73 1.0
61 74 1.0
61 75 1.0
61 76 1.0
61 77 1.0
61 78 1.0
61 79 3.0
61 80 2.0
61 81 2.0
61 82 2.0
61 83 2.0
61 84 3.5
61 85 1.0
61 86 3.5
61 87 6.5
61 88 2.0
61 89 1.0
61 90 2.0
61 91 1.0
61 92 1.0
61 93 1.0
61 94 1.0
61 95 1.0
61 96 1.0
61 97 1.0
61 98 1.0
61 99 1.0
61 100 1.0
61 101 1.0
61 102 1.0
61 103 1.0
61 104 1.0
61 105 1.0
61 106 1.0
61 107 1.0
61 108 1.0
61 109 1.0
61 110 1.0
61 111 1.0
61 112 1.0
61 113 1.0
61 114 1.0
61 115 1.0
61 116 1.0
61 117 1.0
62 62 0.0
62 63 1.0
62 64 2.0
62 65 3.0
62 66 1.0
62 67 1.0
62 68 2.0
62 69 2.0
62 70 1.0
62 71 1.0
62 72 3.0
62 73 2.0
62 74 2.0
62 75 1.5
62 76 2.0
62 77 2.0
62 78 1.0
62 79 2.0
62 80 1.5
62 81 2.0
62 82 1.0
62 83 1.0
62 84 3.0
62 85 1.0
62 86 3.0
62 87 6.5
62 88 1.5
62 89 1.0
62 90 1.5
62 91 2.0
62 92 2.0
62 93 2.0
62 94 2.0
62 95 2.0
62 96 2.0
62 97 2.0
62 98 2.0
62 99 2.0
62 100 2.0
62 101 2.0
62 102 2.0
62 103 2.0
62 104 2.0
62 105 2.0
62 106 2.0
62 107 2.0
62 108 2.0
62 109 2.0
62 110 2.0
62 111 2.0
62 112 2.0
62 113 2.0
62 114 2.0
62 115 2.0
62 116 2.0
62 117 2.0
63 63 0.0
63 64 2.0
63 65 3.0
63 66 2.0
63 67 1.0
63 68 2.0
63 69 1.5
63 70 1.0
63 71 1.0
63 72 3.0
63 73 1.0
63 74 1.0
63 75 1.0
63 76 1.0
63 77 1.5
63 78 1.0
63 79 3.0
63 80 1.0
63 81 2.0
63 82 1.0
63 83 1.0
63 84 3.0
63 85 1.0
63 86 3.0
63 87 6.5
63 88 1.0
63 89 1.0
63 90 1.0
63 91 1.5
63 92 1.5
63 93 1.5
63 94 1.5
63 95 1.5
63 96 1.5
63 97 1.5
63 98 1.5
63 99 1.5
63 100 1.5
63 101 1.5
63 102 1.0
63 103 1.0
63 104 1.0
63 105 1.0
63 106 1.5
63 107 1.5
63 108 1.5
63 109 1.5
63 110 1.5
63 111 1.5
63 112 1.5
63 113 1.5
63 114 1.5
63 115 1.5
63 116 1.5
63 117 1.5
64 64 0.0
64 65 3.0
64 66 2.0
64 67 2.0
64 68 2.0
64 69 2.5
64 70 2.0
64 71 2.0
64 72 2.5
64 73 2.0
64 74 2.5
64 75 2.0
64 76 2.0
64 77 2.5
64 78 2.0
64 79 3.0
64 80 1.5
64 81 2.5
64 82 1.5
64 83 1.5
64 84 3.0
64 85 2.0
64 86 3.5
64 87 6.5
64 88 1.5
64 89 2.0
64 90 1.5
64 91 2.5
64 92 2.5
64 93 2.5
64 94 2.5
64 95 2.5
64 96 2.5
64 97 2.5
64 98 2.5
64 99 2.5
64 100 2.5
64 101 2.5
64 102 2.5
64 103 2.0
64 104 2.0
64 105 2.5
64 106 2.5
64 107 2.5
64 108 2.5
64 109 2.5
64 110 2.5
64 111 2.5
64 112 2.5
64 113 2.5
64 114 2.0
64 115 2.5
64 116 2.5
64 117 2.0
65 65 0.0
65 66 2.0
65 67 3.5
65 68 2.0
65 69 3.5
65 70 3.0
65 71 3.0
65 72 1.0
65 73 3.5
65 74 3.5
65 75 3.0
65 76 3.5
65 77 3.5
65 78 3.0
65 79 1.5
65 80 3.0
65 81 2.0
65 82 3.0
65 83 3.0
65 84 1.0
65 85 3.0
65 86 1.0
65 87 6.5
65 88 3.0
65 89 3.0
65 90 3.0
65 91 3.5
65 92 3.5
65 93 3.5
65 94 3.5
65 95 3.5
65 96 3.5
65 97 3.5
65 98 3.5
65 99 3.5
65 100 3.5
65 101 3.5
65 102 3.5
65 103 3.5
65 104 3.5
65 105 3.5
65 106 3.5
65 107 3.5
65 108 3.5
65 109 3.5
65 110 3.5
65 111 3.5
65 112 3.5
65 113 3.5
65 114 3.5
65 115 3.5
65 116 3.5
65 117 3.5
66 66 0.0
66 67 2.0
66 68 1.0
66 69 2.5
66 70 1.0
66 71 2.0
66 72 2.0
66 73 2.0
66 74 2.5
66 75 2.0
66 76 2.0
66 77 2.5
66 78 2.0
66 79 2.0
66 80 1.0
66 81 1.5
66 82 1.0
66 83 1.0
66 84 2.0
66 85 2.0
66 86 2.0
66 87 6.5
66 88 1.5
66 89 2.0
66 90 1.5
66 91 2.5
66 92 2.5
66 93 2.5
66 94 2.5
66 95 2.5
66 96 2.5
66 97 2.5
66 98 2.5
66 99 2.5
66 100 2.5
66 101 2.5
66 102 2.5
66 103 2.5
66 104 2.0
66 105 2.5
66 106 2.5
66 107 2.5
66 108 2.5
66 109 2.5
66 110 2.5
66 111 2.5
66 112 2.5
66 113 2.5
66 114 2.0
66 115 2.5
66 116 2.5
66 117 2.0
67 67 0.0
67 68 2.0
67 69 1.5
67 70 1.0
67 71 1.0
67 72 3.5
67 73 1.0
67 74 1.0
67 75 1.0
67 76 1.0
67 77 1.5
67 78 1.0
67 79 3.0
67 80 1.5
67 81 2.0
67 82 1.0
67 83 1.0
67 84 3.5
67 85 1.0
67 86 3.5
67 87 6.5
67 88 1.5
67 89 1.0
67 90 1.5
67 91 1.5
67 92 1.5
67 93 1.5
67 94 1.5
67 95 1.5
67 96 1.5
67 97 1.5
67 98 1.5
67 99 1.5
67 100 1.5
67 101 1.5
67 102 1.0
67 103 1.0
67 104 1.0
67 105 1.0
67 106 1.5
67 107 1.5
67 108 1.5
67 109 1.5
67 110 1.5
67 111 1.5
67 112 1.5
67 113 1.5
67 114 1.5
67 115 1.5
67 116 1.5
67 117 1.5
68 68 0.0
68 69 2.5
68 70 1.0
68 71 2.0
68 72 2.0
68 73 2.0
68 74 2.5
68 75 2.0
68 76 2.0
68 77 2.5
68 78 2.0
68 79 2.0
68 80 1.0
68 81 1.0
68 82 1.0
68 83 1.0
68 84 2.0
68 85 2.0
68 86 3.0
68 87 6.5
68 88 1.5
68 89 2.0
68 90 1.5
68 91 2.5
68 92 2.5
68 93 2.5
68 94 2.5
68 95 2.5
68 96 2.5
68 97 2.5
68 98 2.5
68 99 2.5
68 100 2.5
68 101 2.5
68 102 2.5
68 103 2.0
68 104 2.0
68 105 2.5
68 106 2.5
68 107 2.5
68 108 2.5
68 109 2.5
68 110 2.5
68 111 2.5
68 112 2.5
68 113 2.5
68 114 2.0
68 115 2.5
68 116 2.5
68 117 2.0
69 69 0.0
69 70 2.0
69 71 1.5
69 72 3.5
69 73 1.0
69 74 1.0
69 75 1.5
69 76 1.0
69 77 1.0
69 78 1.5
69 79 3.0
69 80 2.0
69 81 2.5
69 82 2.0
69 83 2.0
69 84 3.5
69 85 1.5
69 86 3.5
69 87 6.5
69 88 2.0
69 89 1.5
69 90 2.0
69 91 1.0
69 92 1.0
69 93 1.0
69 94 1.0
69 95 1.0
69 96 1.0
69 97 1.0
69 98 1.0
69 99 1.0
69 100 1.0
69 101 1.0
69 102 1.0
69 103 1.0
69 104 1.0
69 105 1.0
69 106 1.0
69 107 1.0
69 108 1.0
69 109 1.0
69 110 1.0
69 111 1.0
69 112 0.5
69 113 1.0
69 114 0.5
69 115 1.0
69 116 1.0
69 117 0.5
70 70 0.0
70 71 1.0
70 72 3.0
70 73 2.0
70 74 2.0
70 75 1.0
70 76 2.0
70 77 2.0
70 78 1.0
70 79 2.0
70 80 1.0
70 81 2.0
70 82 1.0
70 83 1.0
70 84 3.0
70 85 1.0
70 86 3.0
70 87 6.5
70 88 1.5
70 89 1.0
70 90 1.5
70 91 2.0
70 92 2.0
70 93 2.0
70 94 2.0
70 95 2.0
70 96 2.0
70 97 2.0
70 98 2.0
70 99 2.0
70 100 2.0
70 101 2.0
70 102 2.0
70 103 2.0
70 104 2.0
70 105 2.0
70 106 2.0
70 107 2.0
70 108 2.0
70 109 2.0
70 110 2.0
70 111 2.0
70 112 2.0
70 113 2.0
70 114 2.0
70 115 2.0
70 116 2.0
70 117 2.0
71 71 0.0
71 72 3.0
71 73 1.0
71 74 1.0
71 75 1.0
71 76 1.0
71 77 1.5
71 78 1.0
71 79 3.0
71 80 1.0
71 81 2.0
71 82 1.0
71 83 1.0
71 84 3.0
71 85 1.0
71 86 3.0
71 87 6.5
71 88 1.5
71 89 1.0
71 90 1.0
71 91 1.5
71 92 1.5
71 93 1.5
71 94 1.5
71 95 1.5
71 96 1.5
71 97 1.5
71 98 1.5
71 99 1.5
71 100 1.5
71 101 1.5
71 102 1.0
71 103 1.0
71 104 1.0
71 105 1.0
71 106 1.5
71 107 1.5
71 108 1.5
71 109 1.5
71 110 1.5
71 111 1.5
71 112 1.5
71 113 1.5
71 114 1.5
71 115 1.5
71 116 1.5
71 117 1.5
72 72 0.0
72 73 3.5
72 74 3.5
72 75 3.0
72 76 3.5
72 77 3.5
72 78 3.0
72 79 1.5
72 80 3.0
72 81 2.0
72 82 3.0
72 83 3.0
72 84 1.5
72 85 3.0
72 86 2.0
72 87 6.5
72 88 3.0
72 89 3.0
72 90 3.0
72 91 3.5
72 92 3.5
72 93 3.5
72 94 3.5
72 95 3.5
72 96 3.5
72 97 3.5
72 98 3.5
72 99 3.5
72 100 3.5
72 101 3.5
72 102 3.5
72 103 3.5
72 104 3.5
72 105 3.5
72 106 3.5
72 107 3.5
72 108 3.5
72 109 3.5
72 110 3.5
72 111 3.5
72 112 3.5
72 113 3.5
72 114 3.5
72 115 3.5
72 116 3.5
72 117 3.5
73 73 0.0
73 74 1.0
73 75 1.0
73 76 1.0
73 77 1.0
73 78 1.0
73 79 3.0
73 80 2.0
73 81 2.0
73 82 2.0
73 83 2.0
73 84 3.5
73 85 1.0
73 86 3.5
73 87 6.5
73 88 2.0
73 89 1.0
73 90 2.0
73 91 1.0
73 92 1.0
73 93 1.0
73 94 1.0
73 95 1.0
73 96 1.0
73 97 1.0
73 98 1.0
73 99 1.0
73 100 1.0
73 101 1.0
73 102 1.0
73 103 1.0
73 104 1.0
73 105 1.0
73 106 1.0
73 107 1.0
73 108 1.0
73 109 1.0
73 110 1.0
73 111 1.0
73 112 1.0
73 113 1.0
73 114 1.0
73 115 1.0
73 116 1.0
73 117 1.0
74 74 0.0
74 75 1.0
74 76 1.0
74 77 1.0
74 78 1.0
74 79 3.0
74 80 2.0
74 81 2.5
74 82 2.0
74 83 2.0
74 84 3.5
74 85 1.0
74 86 3.5
74 87 6.5
74 88 2.0
74 89 1.0
74 90 2.0
74 91 1.0
74 92 1.0
74 93 1.0
74 94 1.0
74 95 1.0
74 96 1.0
74 97 1.0
74 98 1.0
74 99 1.0
74 100 1.0
74 101 1.0
74 102 1.0
74 103 1.0
74 104 1.0
74 105 1.0
74 106 1.0
74 107 1.0
74 108 1.0
74 109 1.0
74 110 1.0
74 111 1.0
74 112 1.0
74 113 1.0
74 114 1.0
74 115 1.0
74 116 1.0
74 117 1.0
75 75 0.0
75 76 1.0
75 77 1.5
75 78 1.0
75 79 3.0
75 80 1.0
75 81 2.0
75 82 1.0
75 83 1.0
75 84 3.0
75 85 1.0
75 86 3.0
75 87 6.5
75 88 1.0
75 89 1.0
75 90 1.0
75 91 1.5
75 92 1.5
75 93 1.5
75 94 1.5
75 95 1.5
75 96 1.5
75 97 1.5
75 98 1.5
75 99 1.5
75 100 1.5
75 101 1.5
75 102 1.0
75 103 1.5
75 104 1.0
75 105 1.5
75 106 1.5
75 107 1.5
75 108 1.5
75 109 1.5
75 110 1.5
75 111 1.5
75 112 1.5
75 113 1.5
75 114 1.5
75 115 1.5
75 116 1.5
75 117 1.5
76 76 0.0
76 77 1.0
76 78 1.0
76 79 3.0
76 80 2.0
76 81 2.0
76 82 2.0
76 83 2.0
76 84 3.5
76 85 1.0
76 86 3.5
76 87 6.5
76 88 2.0
76 89 1.0
76 90 2.0
76 91 1.0
76 92 1.0
76 93 1.0
76 94 1.0
76 95 1.0
76 96 1.0
76 97 1.0
76 98 1.0
76 99 1.0
76 100 1.0
76 101 1.0
76 102 1.0
76 103 1.0
76 104 1.0
76 105 1.0
76 106 1.0
76 107 1.0
76 108 1.0
76 109 1.0
76 110 1.0
76 111 1.0
76 112 1.0
76 113 1.0
76 114 1.0
76 115 1.0
76 116 1.0
76 117 1.0
77 77 0.0
77 78 1.5
77 79 3.0
77 80 2.0
77 81 2.5
77 82 2.0
77 83 2.0
77 84 3.5
77 85 1.5
77 86 3.5
77 87 6.5
77 88 2.0
77 89 1.5
77 90 2.0
77 91 0.5
77 92 0.5
77 93 0.5
77 94 0.5
77 95 0.5
77 96 0.5
77 97 0.5
77 98 0.5
77 99 0.5
77 100 0.5
77 101 0.5
77 102 1.0
77 103 1.5
77 104 1.0
77 105 1.0
77 106 0.5
77 107 0.5
77 108 0.5
77 109 0.5
77 110 0.5
77 111 0.5
77 112 1.0
77 113 0.5
77 114 1.0
77 115 0.5
77 116 0.5
77 117 1.0
78 78 0.0
78 79 3.0
78 80 1.0
78 81 2.0
78 82 1.0
78 83 1.0
78 84 3.0
78 85 1.0
78 86 3.0
78 87 6.5
78 88 1.5
78 89 1.0
78 90 1.0
78 91 1.5
78 92 1.5
78 93 1.5
78 94 1.5
78 95 1.5
78 96 1.5
78 97 1.5
78 98 1.5
78 99 1.5
78 100 1.5
78 101 1.5
78 102 1.0
78 103 1.0
78 104 1.0
78 105 1.0
78 106 1.5
78 107 1.5
78 108 1.5
78 109 1.5
78 110 1.5
78 111 1.5
78 112 1.5
78 113 1.5
78 114 1.5
78 115 1.5
78 116 1.5
78 117 1.5
79 79 0.0
79 80 2.0
79 81 1.5
79 82 2.0
79 83 2.0
79 84 2.0
79 85 3.0
79 86 2.0
79 87 6.0
79 88 2.0
79 89 3.0
79 90 2.0
79 91 3.0
79 92 3.0
79 93 3.0
79 94 3.0
79 95 3.0
79 96 3.0
79 97 3.0
79 98 3.0
79 99 3.0
79 100 3.0
79 101 3.0
79 102 3.0
79 103 3.0
79 104 3.0
79 105 3.0
79 106 3.0
79 107 3.0
79 108 3.0
79 109 3.0
79 110 3.0
79 111 3.0
79 112 3.0
79 113 3.0
79 114 3.0
79 115 3.0
79 116 3.0
79 117 3.0
80 80 0.0
80 81 2.0
80 82 1.0
80 83 1.0
80 84 3.0
80 85 1.0
80 86 3.0
80 87 6.5
80 88 1.0
80 89 1.0
80 90 1.0
80 91 2.0
80 92 2.0
80 93 2.0
80 94 2.0
80 95 2.0
80 96 2.0
80 97 2.0
80 98 2.0
80 99 2.0
80 100 2.0
80 101 2.0
80 102 2.0
80 103 2.0
80 104 2.0
80 105 2.0
80 106 2.0
80 107 2.0
80 108 2.0
80 109 2.0
80 110 2.0
80 111 2.0
80 112 2.0
80 113 2.0
80 114 2.0
80 115 2.0
80 116 2.0
80 117 2.0
81 81 0.0
81 82 2.0
81 83 2.0
81 84 2.0
81 85 2.0
81 86 2.0
81 87 6.5
81 88 2.0
81 89 2.0
81 90 2.0
81 91 2.5
81 92 2.5
81 93 2.5
81 94 2.5
81 95 2.5
81 96 2.5
81 97 2.5
81 98 2.5
81 99 2.5
81 100 2.5
81 101 2.5
81 102 2.5
81 103 2.5
81 104 2.0
81 105 2.5
81 106 2.5
81 107 2.5
81 108 2.5
81 109 2.5
81 110 2.5
81 111 2.5
81 112 2.5
81 113 2.5
81 114 2.5
81 115 2.5
81 116 2.5
81 117 2.5
82 82 0.0
82 83 1.0
82 84 3.0
82 85 1.0
82 86 3.0
82 87 6.5
82 88 1.5
82 89 1.0
82 90 1.0
82 91 2.0
82 92 2.0
82 93 2.0
82 94 2.0
82 95 2.0
82 96 2.0
82 97 2.0
82 98 2.0
82 99 2.0
82 100 2.0
82 101 2.0
82 102 2.0
82 103 2.0
82 104 2.0
82 105 2.0
82 106 2.0
82 107 2.0
82 108 2.0
82 109 2.0
82 110 2.0
82 111 2.0
82 112 2.0
82 113 2.0
82 114 2.0
82 115 2.0
82 116 2.0
82 117 2.0
83 83 0.0
83 84 3.0
83 85 1.0
83 86 3.0
83 87 6.5
83 88 1.0
83 89 1.0
83 90 1.0
83 91 2.0
83 92 2.0
83 93 2.0
83 94 2.0
83 95 2.0
83 96 2.0
83 97 2.0
83 98 2.0
83 99 2.0
83 100 2.0
83 101 2.0
83 102 2.0
83 103 2.0
83 104 2.0
83 105 2.0
83 106 2.0
83 107 2.0
83 108 2.0
83 109 2.0
83 110 2.0
83 111 2.0
83 112 2.0
83 113 2.0
83 114 2.0
83 115 2.0
83 116 2.0
83 117 2.0
84 84 0.0
84 85 3.0
84 86 1.0
84 87 6.0
84 88 3.0
84 89 3.0
84 90 3.0
84 91 3.5
84 92 3.5
84 93 3.5
84 94 3.5
84 95 3.5
84 96 3.5
84 97 3.5
84 98 3.5
84 99 3.5
84 100 3.5
84 101 3.5
84 102 3.5
84 103 3.5
84 104 3.5
84 105 3.5
84 106 3.5
84 107 3.5
84 108 3.5
84 109 3.5
84 110 3.5
84 111 3.5
84 112 3.5
84 113 3.5
84 114 3.5
84 115 3.5
84 116 3.5
84 117 3.5
85 85 0.0
85 86 3.0
85 87 6.5
85 88 1.0
85 89 1.0
85 90 1.0
85 91 1.5
85 92 1.5
85 93 1.5
85 94 1.5
85 95 1.5
85 96 1.5
85 97 1.5
85 98 1.5
85 99 1.5
85 100 1.5
85 101 1.5
85 102 1.0
85 103 1.0
85 104 1.0
85 105 1.0
85 106 1.5
85 107 1.5
85 108 1.5
85 109 1.5
85 110 1.5
85 111 1.5
85 112 1.5
85 113 1.5
85 114 1.5
85 115 1.5
85 116 1.5
85 117 1.5
86 86 0.0
86 87 6.0
86 88 3.0
86 89 3.0
86 90 3.0
86 91 3.5
86 92 3.5
86 93 3.5
86 94 3.5
86 95 3.5
86 96 3.5
86 97 3.5
86 98 3.5
86 99 3.5
86 100 3.5
86 101 3.5
86 102 3.5
86 103 3.5
86 104 3.5
86 105 3.5
86 106 3.5
86 107 3.5
86 108 3.5
86 109 3.5
86 110 3.5
86 111 3.5
86 112 3.5
86 113 3.5
86 114 3.5
86 115 3.5
86 116 3.5
86 117 3.5
87 87 0.0
87 88 6.5
87 89 6.5
87 90 6.5
87 91 6.5
87 92 6.5
87 93 6.5
87 94 6.5
87 95 6.5
87 96 6.5
87 97 6.5
87 98 6.5
87 99 6.5
87 100 6.5
87 101 6.5
87 102 6.5
87 103 6.5
87 104 6.5
87 105 6.5
87 106 6.5
87 107 6.5
87 108 6.5
87 109 6.5
87 110 6.5
87 111 6.5
87 112 6.5
87 113 6.5
87 114 6.5
87 115 6.5
87 116 6.5
87 117 6.5
88 88 0.0
88 89 1.0
88 90 1.0
88 91 2.0
88 92 2.0
88 93 2.0
88 94 2.0
88 95 2.0
88 96 2.0
88 97 2.0
88 98 2.0
88 99 2.0
88 100 2.0
88 101 2.0
88 102 2.0
88 103 2.0
88 104 2.0
88 105 2.0
88 106 2.0
88 107 2.0
88 108 2.0
88 109 2.0
88 110 2.0
88 111 2.0
88 112 2.0
88 113 2.0
88 114 2.0
88 115 2.0
88 116 2.0
88 117 2.0
89 89 0.0
89 90 1.0
89 91 1.5
89 92 1.5
89 93 1.5
89 94 1.5
89 95 1.5
89 96 1.5
89 97 1.5
89 98 1.5
89 99 1.5
89 100 1.5
89 101 1.5
89 102 1.0
89 103 1.0
89 104 1.0
89 105 1.0
89 106 1.5
89 107 1.5
89 108 1.5
89 109 1.5
89 110 1.5
89 111 1.5
89 112 1.5
89 113 1.5
89 114 1.5
89 115 1.5
89 116 1.5
89 117 1.5
90 90 0.0
90 91 2.0
90 92 2.0
90 93 2.0
90 94 2.0
90 95 2.0
90 96 2.0
90 97 2.0
90 98 2.0
90 99 2.0
90 100 2.0
90 101 2.0
90 102 2.0
90 103 2.0
90 104 2.0
90 105 2.0
90 106 2.0
90 107 2.0
90 108 2.0
90 109 2.0
90 110 2.0
90 111 2.0
90 112 2.0
90 113 2.0
90 114 2.0
90 115 2.0
90 116 2.0
90 117 2.0
91 91 0.0
91 92 0.5
91 93 0.5
91 94 0.5
91 95 0.5
91 96 0.5
91 97 0.5
91 98 0.5
91 99 0.5
91 100 0.5
91 101 0.5
91 102 1.0
91 103 1.5
91 104 1.0
91 105 1.0
91 106 0.5
91 107 0.5
91 108 0.5
91 109 0.5
91 110 0.5
91 111 0.5
91 112 1.0
91 113 0.5
91 114 1.0
91 115 0.5
91 116 0.5
91 117 1.0
92 92 0.0
92 93 0.5
92 94 0.5
92 95 0.5
92 96 0.5
92 97 0.5
92 98 0.5
92 99 0.5
92 100 0.5
92 101 0.5
92 102 1.0
92 103 1.5
92 104 1.0
92 105 1.0
92 106 0.5
92 107 0.5
92 108 0.5
92 109 0.5
92 110 0.5
92 111 0.5
92 112 1.0
92 113 0.5
92 114 1.0
92 115 0.5
92 116 0.5
92 117 1.0
93 93 0.0
93 94 0.5
93 95 0.5
93 96 0.5
93 97 0.5
93 98 0.5
93 99 0.5
93 100 0.5
93 101 0.5
93 102 1.0
93 103 1.5
93 104 1.0
93 105 1.0
93 106 0.5
93 107 0.5
93 108 0.5
93 109 0.5
93 110 0.5
93 111 0.5
93 112 1.0
93 113 0.5
93 114 1.0
93 115 0.5
93 116 0.5
93 117 1.0
94 94 0.0
94 95 0.5
94 96 0.5
94 97 0.5
94 98 0.5
94 99 0.5
94 100 0.5
94 101 0.5
94 102 1.0
94 103 1.0
94 104 1.0
94 105 1.0
94 106 0.5
94 107 0.5
94 108 0.5
94 109 0.5
94 110 0.5
94 111 0.5
94 112 1.0
94 113 0.5
94 114 1.0
94 115 0.5
94 116 0.5
94 117 1.0
95 95 0.0
95 96 0.5
95 97 0.5
95 98 0.5
95 99 0.5
95 100 0.5
95 101 0.5
95 102 1.0
95 103 1.5
95 104 1.0
95 105 1.0
95 106 0.5
95 107 0.5
95 108 0.5
95 109 0.5
95 110 0.5
95 111 0.5
95 112 1.0
95 113 0.5
95 114 1.0
95 115 0.5
95 116 0.5
95 117 1.0
96 96 0.0
96 97 0.5
96 98 0.5
96 99 0.5
96 100 0.0
96 101 0.5
96 102 1.0
96 103 1.5
96 104 1.0
96 105 1.0
96 106 0.5
96 107 0.5
96 108 0.5
96 109 0.5
96 110 0.5
96 111 0.5
96 112 1.0
96 113 0.5
96 114 1.0
96 115 0.5
96 116 0.5
96 117 1.0
97 97 0.0
97 98 0.5
97 99 0.5
97 100 0.5
97 101 0.5
97 102 1.0
97 103 1.5
97 104 1.0
97 105 1.0
97 106 0.5
97 107 0.5
97 108 0.5
97 109 0.5
97 110 0.5
97 111 0.5
97 112 1.0
97 113 0.5
97 114 1.0
97 115 0.5
97 116 0.5
97 117 1.0
98 98 0.0
98 99 0.5
98 100 0.5
98 101 0.5
98 102 1.0
98 103 1.5
98 104 1.0
98 105 1.0
98 106 0.5
98 107 0.5
98 108 0.5
98 109 0.5
98 110 0.5
98 111 0.5
98 112 1.0
98 113 0.5
98 114 1.0
98 115 0.5
98 116 0.5
98 117 1.0
99 99 0.0
99 100 0.5
99 101 0.5
99 102 1.0
99 103 1.5
99 104 1.0
99 105 1.0
99 106 0.5
99 107 0.5
99 108 0.5
99 109 0.5
99 110 0.5
99 111 0.5
99 112 1.0
99 113 0.5
99 114 1.0
99 115 0.5
99 116 0.5
99 117 1.0
100 100 0.0
100 101 0.5
100 102 1.0
100 103 1.5
100 104 1.0
100 105 1.0
100 106 0.5
100 107 0.5
100 108 0.5
100 109 0.5
100 110 0.5
100 111 0.5
100 112 1.0
100 113 0.5
100 114 1.0
100 115 0.5
100 116 0.5
100 117 1.0
101 101 0.0
101 102 1.0
101 103 1.5
101 104 1.0
101 105 1.0
101 106 0.5
101 107 0.5
101 108 0.5
101 109 0.5
101 110 0.5
101 111 0.5
101 112 1.0
101 113 0.5
101 114 1.0
101 115 0.5
101 116 0.5
101 117 1.0
102 102 0.0
102 103 1.0
102 104 1.0
102 105 0.5
102 106 1.0
102 107 1.0
102 108 1.0
102 109 1.0
102 110 1.0
102 111 1.0
102 112 1.0
102 113 1.0
102 114 1.0
102 115 1.0
102 116 1.0
102 117 1.0
103 103 0.0
103 104 1.0
103 105 1.0
103 106 1.5
103 107 1.5
103 108 1.0
103 109 1.5
103 110 1.0
103 111 1.0
103 112 1.0
103 113 1.0
103 114 1.0
103 115 1.0
103 116 1.0
103 117 1.0
104 104 0.0
104 105 1.0
104 106 1.0
104 107 1.0
104 108 1.0
104 109 1.0
104 110 1.0
104 111 1.0
104 112 1.0
104 113 1.0
104 114 1.0
104 115 1.0
104 116 1.0
104 117 1.0
105 105 0.0
105 106 1.0
105 107 1.0
105 108 1.0
105 109 1.0
105 110 1.0
105 111 1.0
105 112 1.0
105 113 1.0
105 114 1.0
105 115 1.0
105 116 1.0
105 117 1.0
106 106 0.0
106 107 0.5
106 108 0.5
106 109 0.5
106 110 0.5
106 111 0.5
106 112 1.0
106 113 0.5
106 114 1.0
106 115 0.5
106 116 0.5
106 117 1.0
107 107 0.0
107 108 0.5
107 109 0.5
107 110 0.5
107 111 0.5
107 112 1.0
107 113 0.5
107 114 1.0
107 115 0.5
107 116 0.5
107 117 1.0
108 108 0.0
108 109 0.5
108 110 0.5
108 111 0.5
108 112 1.0
108 113 0.5
108 114 1.0
108 115 0.5
108 116 0.5
108 117 1.0
109 109 0.0
109 110 0.5
109 111 0.5
109 112 1.0
109 113 0.5
109 114 1.0
109 115 0.5
109 116 0.5
109 117 1.0
110 110 0.0
110 111 0.5
110 112 1.0
110 113 0.5
110 114 1.0
110 115 0.5
110 116 0.5
110 117 1.0
111 111 0.0
111 112 1.0
111 113 0.5
111 114 1.0
111 115 0.5
111 116 0.5
111 117 1.0
112 112 0.0
112 113 1.0
112 114 0.5
112 115 1.0
112 116 1.0
112 117 0.5
113 113 0.0
113 114 1.0
113 115 0.5
113 116 0.5
113 117 1.0
114 114 0.0
114 115 1.0
114 116 1.0
114 117 0.5
115 115 0.0
115 116 0.5
115 117 1.0
116 116 0.0
116 117 1.0
117 117 0.0
